keyframes
0.000000
0.033333
0.066667
0.100000
0.133333
0.166667
0.200000
0.233333
0.266667
0.300000
0.333333
0.366667
0.400000
0.433333
0.466667
0.500000
0.533333
0.566667
0.600000
0.633333
0.666667
0.700000
0.733333
0.766667
0.800000
0.833333
0.866667
0.900000
0.933333
0.966667
1.000000
1.033333
1.066667
1.100000
1.133333
1.166667
1.200000
1.233333
1.266667
1.300000
1.333333
1.366667
1.400000
1.433333
1.466667
1.500000
1.533333
1.566667
1.600000
1.633333
1.666667
1.700000
1.733333
1.766667
1.800000
1.833333
1.866667
1.900000
1.933333
1.966667
2.000000
2.033333
2.066667
2.100000
2.133333
2.166667
2.200000
2.233333
2.266667
2.300000
2.333333
2.366667
2.400000
2.433333
2.466667
2.500000
2.533333
2.566667
2.600000
2.633333
2.666667
time 0
35 0.999820 0.018950 0.000042 -0.000002 -0.018950 0.999811 0.004403 80.533012 0.000042 -0.004403 0.999990 -0.000002 0.000000 0.000000 0.000000 1.000000
34 0.999969 -0.006586 0.004427 -0.000000 0.007576 0.958360 -0.285463 10.763858 -0.002363 0.285488 0.958379 1.243517 0.000000 0.000000 0.000000 1.000000
33 0.999843 -0.015719 0.008200 -0.018927 0.017581 0.938817 -0.343968 13.061344 -0.002292 0.344059 0.938945 0.227481 0.000000 0.000000 0.000000 1.000000
32 0.999849 -0.016194 0.006363 -0.021630 0.017192 0.975796 -0.218005 12.988213 -0.002679 0.218081 0.975927 -0.916687 0.000000 0.000000 0.000000 1.000000
31 0.999986 -0.000648 -0.005338 -0.011927 0.000556 0.999850 -0.017340 24.670660 0.005349 0.017337 0.999835 2.028101 0.000000 0.000000 0.000000 1.000000
30 0.999986 -0.000648 -0.005338 -0.000000 0.000556 0.999849 -0.017340 8.817325 0.005349 0.017337 0.999835 6.102616 0.000000 0.000000 0.000000 1.000000
29 0.942061 -0.144240 -0.302846 9.553568 0.037241 0.942220 -0.332919 16.065386 0.333368 0.302352 0.893000 -5.227832 0.000000 0.000000 0.000000 1.000000
28 0.746110 0.572637 -0.339715 17.892990 -0.338283 0.765482 0.547359 2.066080 0.573484 -0.293470 0.764847 -0.922929 0.000000 0.000000 0.000000 1.000000
27 0.616143 0.226386 -0.754399 26.374767 -0.314054 0.948984 0.028280 -0.000102 0.722314 0.219497 0.655807 -1.459064 0.000000 0.000000 0.000000 1.000000
25 0.962967 0.134979 0.233400 -9.553568 -0.059162 0.950349 -0.305511 16.065386 -0.263049 0.280388 0.923140 -5.227832 0.000000 0.000000 0.000000 1.000000
24 0.700641 -0.679581 0.217421 -17.811876 0.511771 0.690970 0.510539 2.066080 -0.497184 -0.246435 0.831912 -0.922929 0.000000 0.000000 0.000000 1.000000
23 0.430345 -0.321745 0.843376 -26.374767 0.087438 0.944783 0.315816 -0.000102 -0.898420 -0.062167 0.434715 -1.459064 0.000000 0.000000 0.000000 1.000000
22 0.859662 -0.317368 -0.400322 -26.753433 0.360489 0.932100 0.035172 0.000357 0.361978 -0.174548 0.915699 0.000016 0.000000 0.000000 0.000000 1.000000
21 0.995890 -0.084535 0.032515 -2.492348 0.086121 0.772650 -0.628964 -4.446348 0.028047 0.629179 0.776754 6.163476 0.000000 0.000000 0.000000 1.000000
20 0.956976 0.256758 -0.135172 -6.602643 -0.259257 0.965808 -0.000919 -4.314004 0.130314 0.035924 0.990822 6.890449 0.000000 0.000000 0.000000 1.000000
19 0.957247 0.277632 -0.081229 -6.784767 -0.283616 0.956024 -0.074696 -2.966900 0.056919 0.094540 0.993893 4.170527 0.000000 0.000000 0.000000 1.000000
17 0.805030 -0.399331 0.438704 -18.447754 0.553366 0.772008 -0.312715 1.479890 -0.213806 0.494509 0.842466 8.654249 0.000000 0.000000 0.000000 1.000000
16 0.834635 -0.508917 0.210685 -7.514380 0.504240 0.859893 0.079538 0.000000 -0.221645 0.039851 0.974313 -0.000000 0.000000 0.000000 0.000000 1.000000
15 0.973487 -0.107555 0.201879 -7.489388 0.090641 0.991693 0.091263 0.000000 -0.210018 -0.070545 0.975149 0.000000 0.000000 0.000000 0.000000 1.000000
13 0.684957 -0.587878 0.430387 -17.507765 0.511829 0.808660 0.290001 -0.477745 -0.518522 0.021646 0.854790 -10.003080 0.000000 0.000000 0.000000 1.000000
12 0.859827 -0.510585 0.000893 -7.044222 0.510585 0.859827 0.000274 0.000000 -0.000908 0.000220 1.000000 -0.000000 0.000000 0.000000 0.000000 1.000000
11 0.752630 -0.658443 0.000744 -7.078903 0.658443 0.752630 0.000154 0.000000 -0.000662 0.000374 1.000000 0.000000 0.000000 0.000000 0.000000 1.000000
9 0.885573 -0.463674 0.027694 13.655973 0.365272 0.731986 0.575129 -7.135242 -0.286944 -0.499203 0.817594 0.129696 0.000000 0.000000 0.000000 1.000000
8 0.983695 0.147750 -0.102543 0.000027 -0.173663 0.632111 -0.755167 -35.919125 -0.046757 0.760661 0.647463 1.481440 0.000000 0.000000 0.000000 1.000000
7 0.973384 0.186228 -0.133579 0.000000 -0.149562 0.957801 0.245457 -34.307396 0.173653 -0.218945 0.960160 -2.646744 0.000000 0.000000 0.000000 1.000000
6 0.974421 0.026919 -0.223113 0.000000 -0.012827 0.997843 0.064374 -15.193100 0.224364 -0.059865 0.972665 14.911814 0.000000 0.000000 0.000000 1.000000
4 0.895450 0.393577 -0.208005 -13.655973 -0.200384 0.773609 0.601145 -7.135242 0.397511 -0.496615 0.771595 0.129696 0.000000 0.000000 0.000000 1.000000
3 0.991788 0.046184 0.119260 -0.000027 0.061153 0.647740 -0.759403 -35.919125 -0.112322 0.760461 0.639596 1.481440 0.000000 0.000000 0.000000 1.000000
2 0.970600 -0.235418 0.050133 -0.000000 0.217691 0.947441 0.234448 -34.307396 -0.102691 -0.216642 0.970835 -2.646744 0.000000 0.000000 0.000000 1.000000
1 0.962643 -0.211986 0.168462 -0.000000 0.197511 0.975322 0.098669 -15.193100 -0.185222 -0.061710 0.980757 14.911814 0.000000 0.000000 0.000000 1.000000
time 1
35 0.999831 0.016995 0.006980 -0.097164 -0.017002 0.999855 0.000900 80.587616 -0.006964 -0.001018 0.999975 -0.008733 0.000000 0.000000 0.000000 1.000000
34 0.999963 -0.007812 0.003574 -0.000000 0.008506 0.958719 -0.284229 10.763858 -0.001206 0.284249 0.958750 1.243517 0.000000 0.000000 0.000000 1.000000
33 0.999839 -0.016324 0.007450 -0.018927 0.017888 0.939363 -0.342457 13.061344 -0.001408 0.342535 0.939504 0.227481 0.000000 0.000000 0.000000 1.000000
32 0.999847 -0.016635 0.005485 -0.021630 0.017432 0.975568 -0.219007 12.988213 -0.001708 0.219069 0.975708 -0.916687 0.000000 0.000000 0.000000 1.000000
31 0.999986 -0.000648 -0.005337 -0.011927 0.000556 0.999850 -0.017337 24.670660 0.005348 0.017334 0.999835 2.028101 0.000000 0.000000 0.000000 1.000000
30 0.999986 -0.000648 -0.005337 -0.000000 0.000556 0.999850 -0.017337 8.817325 0.005348 0.017334 0.999835 6.102616 0.000000 0.000000 0.000000 1.000000
29 0.942449 -0.145115 -0.301218 9.553568 0.039655 0.943058 -0.330256 16.065386 0.331991 0.299305 0.894538 -5.227832 0.000000 0.000000 0.000000 1.000000
28 0.744725 0.572006 -0.343793 17.892990 -0.343155 0.770038 0.537854 2.066080 0.572389 -0.282579 0.769753 -0.922929 0.000000 0.000000 0.000000 1.000000
27 0.606767 0.225303 -0.762281 26.374767 -0.314225 0.948864 0.030330 -0.000102 0.730134 0.221124 0.646536 -1.459064 0.000000 0.000000 0.000000 1.000000
25 0.963699 0.133644 0.231134 -9.553568 -0.059567 0.951506 -0.301807 16.065386 -0.260261 0.277083 0.924927 -5.227832 0.000000 0.000000 0.000000 1.000000
24 0.697266 -0.682109 0.220335 -17.811876 0.515391 0.690698 0.507256 2.066080 -0.498189 -0.240134 0.833153 -0.922929 0.000000 0.000000 0.000000 1.000000
23 0.428450 -0.322089 0.844209 -26.374767 0.089242 0.944825 0.315185 -0.000102 -0.899148 -0.059702 0.433554 -1.459064 0.000000 0.000000 0.000000 1.000000
22 0.864434 -0.316777 -0.390393 -26.753433 0.355383 0.934277 0.028811 0.000357 0.355608 -0.163645 0.920197 0.000016 0.000000 0.000000 0.000000 1.000000
21 0.995521 -0.087907 0.034782 -2.492348 0.090258 0.774333 -0.626309 -4.446348 0.028124 0.626643 0.778799 6.163476 0.000000 0.000000 0.000000 1.000000
20 0.957527 0.253968 -0.136535 -6.602643 -0.256321 0.966592 0.000361 -4.314004 0.132065 0.034651 0.990635 6.890449 0.000000 0.000000 0.000000 1.000000
19 0.958111 0.274562 -0.081478 -6.784767 -0.280470 0.957089 -0.072921 -2.966900 0.057960 0.092719 0.994004 4.170527 0.000000 0.000000 0.000000 1.000000
17 0.806108 -0.400494 0.435655 -18.447754 0.552635 0.772748 -0.312179 1.479890 -0.211625 0.492408 0.844245 8.654249 0.000000 0.000000 0.000000 1.000000
16 0.836552 -0.506750 0.208290 -7.514380 0.502274 0.861191 0.077921 0.000000 -0.218864 0.039434 0.974958 -0.000000 0.000000 0.000000 0.000000 1.000000
15 0.974270 -0.104834 0.199518 -7.489388 0.088425 0.992056 0.089473 0.000000 -0.207313 -0.069528 0.975801 0.000000 0.000000 0.000000 0.000000 1.000000
13 0.688067 -0.585638 0.428476 -17.507765 0.511068 0.810284 0.286793 -0.477745 -0.515144 0.021647 0.856830 -10.003080 0.000000 0.000000 0.000000 1.000000
12 0.861154 -0.508341 -0.001785 -7.044222 0.508341 0.861156 -0.000803 0.000000 0.001946 -0.000216 0.999998 -0.000000 0.000000 0.000000 0.000000 1.000000
11 0.754201 -0.656640 -0.002250 -7.078903 0.656641 0.754203 -0.000550 0.000000 0.002059 -0.001063 0.999997 0.000000 0.000000 0.000000 0.000000 1.000000
9 0.891432 -0.452667 0.020998 13.655973 0.358912 0.733572 0.577109 -7.135242 -0.276642 -0.506917 0.816397 0.129696 0.000000 0.000000 0.000000 1.000000
8 0.985580 0.139316 -0.096035 0.000027 -0.163449 0.637034 -0.753307 -35.919125 -0.043770 0.758142 0.650619 1.481440 0.000000 0.000000 0.000000 1.000000
7 0.973092 0.192162 -0.127147 0.000000 -0.157477 0.957457 0.241822 -34.307396 0.168206 -0.215293 0.961954 -2.646744 0.000000 0.000000 0.000000 1.000000
6 0.974421 0.026917 -0.223114 0.000000 -0.016019 0.998595 0.050514 -15.193100 0.224160 -0.045648 0.973483 14.911814 0.000000 0.000000 0.000000 1.000000
4 0.892973 0.397516 -0.211143 -13.655973 -0.201355 0.772325 0.602470 -7.135242 0.402562 -0.495474 0.769707 0.129696 0.000000 0.000000 0.000000 1.000000
3 0.991341 0.045779 0.123071 -0.000027 0.064268 0.648170 -0.758779 -35.919125 -0.114507 0.760119 0.639615 1.481440 0.000000 0.000000 0.000000 1.000000
2 0.970907 -0.234576 0.048102 -0.000000 0.217113 0.947098 0.236362 -34.307396 -0.101002 -0.219042 0.970474 -2.646744 0.000000 0.000000 0.000000 1.000000
1 0.962771 -0.211449 0.168408 -0.000000 0.198994 0.976053 0.087876 -15.193100 -0.182956 -0.051093 0.981793 14.911814 0.000000 0.000000 0.000000 1.000000
time 2
35 0.999794 0.015912 0.012586 -0.337299 -0.015882 0.999871 -0.002503 80.744591 -0.012624 0.002302 0.999918 -0.075359 0.000000 0.000000 0.000000 1.000000
34 0.999939 -0.010938 0.001401 -0.000000 0.010891 0.959667 -0.280929 10.763858 0.001728 0.280927 0.959727 1.243517 0.000000 0.000000 0.000000 1.000000
33 0.999825 -0.017854 0.005540 -0.018927 0.018676 0.940784 -0.338493 13.061344 0.000831 0.338537 0.940953 0.227481 0.000000 0.000000 0.000000 1.000000
32 0.999837 -0.017752 0.003248 -0.021630 0.018030 0.974972 -0.221597 12.988213 0.000767 0.221620 0.975133 -0.916687 0.000000 0.000000 0.000000 1.000000
31 0.999986 -0.000648 -0.005338 -0.011927 0.000556 0.999850 -0.017340 24.670660 0.005349 0.017337 0.999835 2.028101 0.000000 0.000000 0.000000 1.000000
30 0.999986 -0.000648 -0.005338 -0.000000 0.000556 0.999850 -0.017340 8.817325 0.005349 0.017337 0.999835 6.102616 0.000000 0.000000 0.000000 1.000000
29 0.943189 -0.148253 -0.297347 9.553568 0.046771 0.945265 -0.322935 16.065386 0.328948 0.290681 0.898498 -5.227832 0.000000 0.000000 0.000000 1.000000
28 0.741630 0.569703 -0.354152 17.892990 -0.356129 0.781786 0.511842 2.066080 0.568469 -0.253473 0.782684 -0.922929 0.000000 0.000000 0.000000 1.000000
27 0.580471 0.222282 -0.783355 26.374767 -0.314587 0.948544 0.036045 -0.000102 0.751059 0.225510 0.620529 -1.459064 0.000000 0.000000 0.000000 1.000000
25 0.965698 0.130044 0.224756 -9.553568 -0.060701 0.954631 -0.291540 16.065386 -0.252472 0.267897 0.929779 -5.227832 0.000000 0.000000 0.000000 1.000000
24 0.688571 -0.688333 0.228183 -17.811876 0.524558 0.690049 0.498669 2.066080 -0.500708 -0.223674 0.836219 -0.922929 0.000000 0.000000 0.000000 1.000000
23 0.424080 -0.322775 0.846151 -26.374767 0.094504 0.945001 0.313118 -0.000102 -0.900680 -0.052822 0.431260 -1.459064 0.000000 0.000000 0.000000 1.000000
22 0.877516 -0.313699 -0.362710 -26.753433 0.340879 0.940034 0.011686 0.000357 0.337294 -0.133895 0.931829 0.000016 0.000000 0.000000 0.000000 1.000000
21 0.994408 -0.097306 0.041031 -2.492348 0.101750 0.778850 -0.618902 -4.446348 0.028266 0.619617 0.784396 6.163476 0.000000 0.000000 0.000000 1.000000
20 0.958992 0.246245 -0.140350 -6.602643 -0.248174 0.968708 0.003864 -4.314004 0.136909 0.031126 0.990094 6.890449 0.000000 0.000000 0.000000 1.000000
19 0.960451 0.266039 -0.082203 -6.784767 -0.271728 0.959966 -0.068033 -2.966900 0.060813 0.087679 0.994291 4.170527 0.000000 0.000000 0.000000 1.000000
17 0.809045 -0.403681 0.427186 -18.447754 0.550621 0.774799 -0.310649 1.479890 -0.205581 0.486546 0.849123 8.654249 0.000000 0.000000 0.000000 1.000000
16 0.841795 -0.500739 0.201598 -7.514380 0.496792 0.864751 0.073502 0.000000 -0.211137 0.038279 0.976707 -0.000000 0.000000 0.000000 0.000000 1.000000
15 0.976376 -0.097306 0.192929 -7.489388 0.082252 0.993016 0.084577 0.000000 -0.199811 -0.066710 0.977561 0.000000 0.000000 0.000000 0.000000 1.000000
13 0.696609 -0.579432 0.423077 -17.507765 0.508888 0.814732 0.277931 -0.477745 -0.505736 0.021690 0.862416 -10.003080 0.000000 0.000000 0.000000 1.000000
12 0.864750 -0.502117 -0.009244 -7.044222 0.502106 0.864798 -0.003722 0.000000 0.009863 -0.001423 0.999950 -0.000000 0.000000 0.000000 0.000000 1.000000
11 0.758483 -0.651608 -0.010567 -7.078903 0.651623 0.758539 -0.002427 0.000000 0.009597 -0.005045 0.999941 0.000000 0.000000 0.000000 0.000000 1.000000
9 0.896965 -0.441901 0.013340 13.655973 0.354419 0.736776 0.575802 -7.135242 -0.264276 -0.511746 0.817480 0.129696 0.000000 0.000000 0.000000 1.000000
8 0.988060 0.129226 -0.083892 0.000027 -0.148173 0.647840 -0.747227 -35.919125 -0.042212 0.750736 0.659252 1.481440 0.000000 0.000000 0.000000 1.000000
7 0.971968 0.202126 -0.120094 0.000000 -0.170117 0.957191 0.234193 -34.307396 0.162290 -0.207198 0.964744 -2.646744 0.000000 0.000000 0.000000 1.000000
6 0.974420 0.026916 -0.223116 0.000000 -0.017877 0.998939 0.042431 -15.193100 0.224021 -0.037357 0.973868 14.911814 0.000000 0.000000 0.000000 1.000000
4 0.892438 0.397243 -0.213896 -13.655973 -0.199908 0.773180 0.601856 -7.135242 0.404463 -0.494360 0.769427 0.129696 0.000000 0.000000 0.000000 1.000000
3 0.991672 0.043540 0.121203 -0.000027 0.063791 0.651495 -0.755967 -35.919125 -0.111878 0.757403 0.643292 1.481440 0.000000 0.000000 0.000000 1.000000
2 0.971566 -0.231775 0.048375 -0.000000 0.214394 0.947892 0.235662 -34.307396 -0.100475 -0.218590 0.970630 -2.646744 0.000000 0.000000 0.000000 1.000000
1 0.964310 -0.204863 0.167742 -0.000000 0.192856 0.977524 0.085165 -15.193100 -0.181419 -0.049776 0.982145 14.911814 0.000000 0.000000 0.000000 1.000000
time 3
35 0.999734 0.015775 0.016840 -0.705680 -0.015684 0.999862 -0.005505 80.976830 -0.016925 0.005240 0.999843 -0.200932 0.000000 0.000000 0.000000 1.000000
34 0.999882 -0.015278 -0.001491 -0.000000 0.014272 0.961035 -0.276057 10.763858 0.005651 0.276003 0.961140 1.243517 0.000000 0.000000 0.000000 1.000000
33 0.999797 -0.019931 0.002988 -0.018927 0.019789 0.942780 -0.332827 13.061344 0.003816 0.332818 0.942983 0.227481 0.000000 0.000000 0.000000 1.000000
32 0.999814 -0.019283 0.000268 -0.021630 0.018848 0.974167 -0.225040 12.988213 0.004079 0.225003 0.974349 -0.916687 0.000000 0.000000 0.000000 1.000000
31 0.999986 -0.000648 -0.005338 -0.011927 0.000556 0.999850 -0.017340 24.670660 0.005349 0.017336 0.999835 2.028101 0.000000 0.000000 0.000000 1.000000
30 0.999986 -0.000648 -0.005338 -0.000000 0.000556 0.999849 -0.017340 8.817325 0.005349 0.017337 0.999835 6.102616 0.000000 0.000000 0.000000 1.000000
29 0.943609 -0.154445 -0.292829 9.553568 0.058410 0.948306 -0.311937 16.065386 0.325869 0.277243 0.903851 -5.227832 0.000000 0.000000 0.000000 1.000000
28 0.738315 0.565275 -0.367906 17.892990 -0.374773 0.797364 0.473028 2.066080 0.560746 -0.211363 0.800556 -0.922929 0.000000 0.000000 0.000000 1.000000
27 0.539689 0.217556 -0.813268 26.374767 -0.314847 0.948090 0.044688 -0.000102 0.780773 0.231937 0.580171 -1.459064 0.000000 0.000000 0.000000 1.000000
25 0.968633 0.124865 0.214848 -9.553568 -0.062429 0.959137 -0.275969 16.065386 -0.240528 0.253900 0.936847 -5.227832 0.000000 0.000000 0.000000 1.000000
24 0.676700 -0.696165 0.239646 -17.811876 0.536728 0.689253 0.486676 2.066080 -0.503984 -0.200709 0.840069 -0.922929 0.000000 0.000000 0.000000 1.000000
23 0.419204 -0.323288 0.848382 -26.374767 0.102992 0.945354 0.309350 -0.000102 -0.902031 -0.042304 0.429592 -1.459064 0.000000 0.000000 0.000000 1.000000
22 0.896670 -0.305356 -0.320532 -26.753433 0.317972 0.948002 -0.013610 0.000357 0.308021 -0.089716 0.947140 0.000016 0.000000 0.000000 0.000000 1.000000
21 0.992463 -0.111694 0.050408 -2.492348 0.119236 0.785281 -0.607549 -4.446348 0.028275 0.608981 0.792681 6.163476 0.000000 0.000000 0.000000 1.000000
20 0.961039 0.234561 -0.146238 -6.602643 -0.235801 0.971759 0.009051 -4.314004 0.144231 0.025785 0.989208 6.890449 0.000000 0.000000 0.000000 1.000000
19 0.963842 0.253085 -0.083406 -6.784767 -0.258413 0.964125 -0.060706 -2.966900 0.065050 0.080064 0.994665 4.170527 0.000000 0.000000 0.000000 1.000000
17 0.813362 -0.408412 0.414297 -18.447754 0.547599 0.777911 -0.308203 1.479890 -0.196413 0.477549 0.856369 8.654249 0.000000 0.000000 0.000000 1.000000
16 0.849544 -0.491607 0.191306 -7.514380 0.488390 0.870051 0.066983 0.000000 -0.199375 0.036527 0.979242 -0.000000 0.000000 0.000000 0.000000 1.000000
15 0.979386 -0.085928 0.182812 -7.489388 0.072803 0.994343 0.077343 0.000000 -0.188424 -0.062439 0.980101 0.000000 0.000000 0.000000 0.000000 1.000000
13 0.709337 -0.570036 0.414609 -17.507765 0.505386 0.821329 0.264582 -0.477745 -0.491351 0.021860 0.870687 -10.003080 0.000000 0.000000 0.000000 1.000000
12 0.869976 -0.492661 -0.020648 -7.044222 0.492607 0.870215 -0.007960 0.000000 0.021890 -0.003246 0.999755 -0.000000 0.000000 0.000000 0.000000 1.000000
11 0.764775 -0.643879 -0.023217 -7.078903 0.643955 0.765047 -0.005059 0.000000 0.021019 -0.011082 0.999718 0.000000 0.000000 0.000000 0.000000 1.000000
9 0.902324 -0.431044 0.003627 13.655973 0.351937 0.741532 0.571201 -7.135242 -0.248902 -0.514131 0.820803 0.129696 0.000000 0.000000 0.000000 1.000000
8 0.990967 0.116623 -0.066214 0.000027 -0.127336 0.663319 -0.737423 -35.919125 -0.042079 0.739194 0.672177 1.481440 0.000000 0.000000 0.000000 1.000000
7 0.969743 0.216571 -0.112672 0.000000 -0.187662 0.956501 0.223357 -34.307396 0.156144 -0.195455 0.968203 -2.646744 0.000000 0.000000 0.000000 1.000000
6 0.974420 0.026914 -0.223117 0.000000 -0.018372 0.999020 0.040274 -15.193100 0.223982 -0.035145 0.973959 14.911814 0.000000 0.000000 0.000000 1.000000
4 0.893823 0.393182 -0.215612 -13.655973 -0.196656 0.775823 0.599520 -7.135242 0.402998 -0.493464 0.770770 0.129696 0.000000 0.000000 0.000000 1.000000
3 0.992765 0.039024 0.113556 -0.000027 0.060153 0.656846 -0.751621 -35.919125 -0.103920 0.753014 0.649747 1.481440 0.000000 0.000000 0.000000 1.000000
2 0.972545 -0.227076 0.050921 -0.000000 0.209552 0.949689 0.232762 -34.307396 -0.101214 -0.215701 0.971200 -2.646744 0.000000 0.000000 0.000000 1.000000
1 0.964292 -0.204902 0.167800 -0.000000 0.192889 0.977516 0.085181 -15.193100 -0.181481 -0.049772 0.982134 14.911814 0.000000 0.000000 0.000000 1.000000
time 4
35 0.999717 0.015657 0.017937 -1.194211 -0.015493 0.999838 -0.009194 81.251465 -0.018078 0.008914 0.999797 -0.377702 0.000000 0.000000 0.000000 1.000000
34 0.999787 -0.020122 -0.004511 -0.000000 0.018156 0.962663 -0.270093 10.763858 0.009778 0.269953 0.962824 1.243517 0.000000 0.000000 0.000000 1.000000
33 0.999754 -0.022171 0.000310 -0.018927 0.021060 0.945067 -0.326199 13.061344 0.006939 0.326125 0.945301 0.227481 0.000000 0.000000 0.000000 1.000000
32 0.999776 -0.020960 -0.002844 -0.021630 0.019755 0.973322 -0.228592 12.988213 0.007559 0.228485 0.973518 -0.916687 0.000000 0.000000 0.000000 1.000000
31 0.999986 -0.000648 -0.005338 -0.011927 0.000556 0.999849 -0.017340 24.670660 0.005349 0.017337 0.999835 2.028101 0.000000 0.000000 0.000000 1.000000
30 0.999986 -0.000648 -0.005338 -0.000000 0.000556 0.999850 -0.017339 8.817325 0.005349 0.017336 0.999835 6.102616 0.000000 0.000000 0.000000 1.000000
29 0.942993 -0.164410 -0.289367 9.553568 0.074373 0.951574 -0.298288 16.065386 0.324396 0.259762 0.909555 -5.227832 0.000000 0.000000 0.000000 1.000000
28 0.736271 0.558590 -0.381946 17.892990 -0.396631 0.813551 0.425228 2.066080 0.548261 -0.161592 0.820548 -0.922929 0.000000 0.000000 0.000000 1.000000
27 0.486937 0.211357 -0.847479 26.374767 -0.314724 0.947560 0.055485 -0.000102 0.814764 0.239704 0.527921 -1.459064 0.000000 0.000000 0.000000 1.000000
25 0.972152 0.118826 0.201993 -9.553568 -0.064616 0.964420 -0.256355 16.065386 -0.225268 0.236164 0.945241 -5.227832 0.000000 0.000000 0.000000 1.000000
24 0.663869 -0.703661 0.253257 -17.811876 0.549415 0.688650 0.473185 2.066080 -0.507368 -0.174990 0.843775 -0.922929 0.000000 0.000000 0.000000 1.000000
23 0.415792 -0.323195 0.850096 -26.374767 0.114478 0.945890 0.303622 -0.000102 -0.902226 -0.028927 0.430292 -1.459064 0.000000 0.000000 0.000000 1.000000
22 0.919277 -0.288810 -0.267430 -26.753433 0.287565 0.956717 -0.044712 0.000357 0.268768 -0.035801 0.962539 0.000016 0.000000 0.000000 0.000000 1.000000
21 0.989565 -0.130043 0.062047 -2.492348 0.141352 0.792664 -0.593046 -4.446348 0.027939 0.595628 0.802774 6.163476 0.000000 0.000000 0.000000 1.000000
20 0.963319 0.219897 -0.153825 -6.602643 -0.220187 0.975337 0.015368 -4.314004 0.153411 0.019066 0.987979 6.890449 0.000000 0.000000 0.000000 1.000000
19 0.967845 0.236718 -0.085095 -6.784767 -0.241544 0.969016 -0.051626 -2.966900 0.070237 0.070521 0.995034 4.170527 0.000000 0.000000 0.000000 1.000000
17 0.818566 -0.414196 0.397985 -18.447754 0.543852 0.781828 -0.304909 1.479890 -0.184864 0.466033 0.865239 8.654249 0.000000 0.000000 0.000000 1.000000
16 0.858957 -0.480076 0.178103 -7.514380 0.477661 0.876555 0.059085 0.000000 -0.184482 0.034322 0.982236 -0.000000 0.000000 0.000000 0.000000 1.000000
15 0.982859 -0.071662 0.169862 -7.489388 0.060757 0.995795 0.068558 0.000000 -0.174061 -0.057063 0.983080 0.000000 0.000000 0.000000 0.000000 1.000000
13 0.724976 -0.558232 0.403468 -17.507765 0.500649 0.829386 0.247929 -0.477745 -0.473032 0.022254 0.880764 -10.003080 0.000000 0.000000 0.000000 1.000000
12 0.876170 -0.480718 -0.035169 -7.044222 0.480575 0.876858 -0.012975 0.000000 0.037076 -0.005533 0.999297 -0.000000 0.000000 0.000000 0.000000 1.000000
11 0.772355 -0.633979 -0.039211 -7.078903 0.634204 0.773124 -0.008008 0.000000 0.035391 -0.018683 0.999199 0.000000 0.000000 0.000000 0.000000 1.000000
9 0.906762 -0.421617 -0.004621 13.655973 0.350358 0.747320 0.564590 -7.135242 -0.234588 -0.513568 0.825358 0.129696 0.000000 0.000000 0.000000 1.000000
8 0.993701 0.101484 -0.047542 0.000027 -0.104336 0.682921 -0.723003 -35.919125 -0.040906 0.723409 0.689207 1.481440 0.000000 0.000000 0.000000 1.000000
7 0.966405 0.234360 -0.105531 0.000000 -0.208757 0.955232 0.209650 -34.307396 0.149940 -0.180576 0.972065 -2.646744 0.000000 0.000000 0.000000 1.000000
6 0.974420 0.026912 -0.223118 0.000000 -0.018642 0.999062 0.039090 -15.193100 0.223961 -0.033931 0.974007 14.911814 0.000000 0.000000 0.000000 1.000000
4 0.897071 0.385385 -0.216199 -13.655973 -0.190275 0.778468 0.598150 -7.135242 0.398822 -0.495446 0.771670 0.129696 0.000000 0.000000 0.000000 1.000000
3 0.993866 0.035233 0.104829 -0.000027 0.055236 0.663044 -0.746540 -35.919125 -0.095809 0.747751 0.657031 1.481440 0.000000 0.000000 0.000000 1.000000
2 0.973870 -0.220560 0.054139 -0.000000 0.202965 0.952208 0.228264 -34.307396 -0.101898 -0.211311 0.972093 -2.646744 0.000000 0.000000 0.000000 1.000000
1 0.963950 -0.206353 0.167987 -0.000000 0.194241 0.977196 0.085776 -15.193100 -0.181856 -0.050054 0.982050 14.911814 0.000000 0.000000 0.000000 1.000000
time 5
35 0.999697 0.014949 0.019554 -1.793206 -0.014679 0.999796 -0.013886 81.539345 -0.019758 0.013595 0.999712 -0.602974 0.000000 0.000000 0.000000 1.000000
34 0.999667 -0.024808 -0.007052 -0.000000 0.022074 0.964403 -0.263515 10.763858 0.013338 0.263272 0.964630 1.243517 0.000000 0.000000 0.000000 1.000000
33 0.999705 -0.024203 -0.001975 -0.018927 0.022305 0.947369 -0.319365 13.061344 0.009601 0.319227 0.947630 0.227481 0.000000 0.000000 0.000000 1.000000
32 0.999731 -0.022527 -0.005470 -0.021630 0.020649 0.972611 -0.231520 12.988213 0.010536 0.231345 0.972815 -0.916687 0.000000 0.000000 0.000000 1.000000
31 0.999986 -0.000648 -0.005338 -0.011927 0.000556 0.999850 -0.017338 24.670660 0.005348 0.017335 0.999835 2.028101 0.000000 0.000000 0.000000 1.000000
30 0.999986 -0.000648 -0.005338 -0.000000 0.000556 0.999850 -0.017339 8.817325 0.005348 0.017336 0.999835 6.102616 0.000000 0.000000 0.000000 1.000000
29 0.940581 -0.178679 -0.288756 9.553568 0.094392 0.954427 -0.283123 16.065386 0.326185 0.239044 0.914583 -5.227832 0.000000 0.000000 0.000000 1.000000
28 0.737078 0.549866 -0.392890 17.892990 -0.419185 0.828003 0.372418 2.066080 0.530094 -0.109808 0.840799 -0.922929 0.000000 0.000000 0.000000 1.000000
27 0.425223 0.204056 -0.881786 26.374767 -0.314030 0.946995 0.067712 -0.000102 0.848864 0.248115 0.466764 -1.459064 0.000000 0.000000 0.000000 1.000000
25 0.975919 0.112611 0.186817 -9.553568 -0.067130 0.969923 -0.233973 16.065386 -0.207546 0.215797 0.954126 -5.227832 0.000000 0.000000 0.000000 1.000000
24 0.652401 -0.709175 0.267291 -17.811876 0.560234 0.688798 0.460103 2.066080 -0.510403 -0.150426 0.846677 -0.922929 0.000000 0.000000 0.000000 1.000000
23 0.415813 -0.322204 0.850461 -26.374767 0.128731 0.946574 0.295677 -0.000102 -0.900293 -0.013465 0.435076 -1.459064 0.000000 0.000000 0.000000 1.000000
22 0.942548 -0.261944 -0.207337 -26.753433 0.250704 0.964816 -0.079231 0.000357 0.220796 0.022698 0.975056 0.000016 0.000000 0.000000 0.000000 1.000000
21 0.985636 -0.151275 0.075086 -2.492348 0.166698 0.800109 -0.576227 -4.446348 0.027092 0.580467 0.813833 6.163476 0.000000 0.000000 0.000000 1.000000
20 0.965515 0.203235 -0.162713 -6.602643 -0.202332 0.979064 0.022280 -4.314004 0.163834 0.011410 0.986422 6.890449 0.000000 0.000000 0.000000 1.000000
19 0.972046 0.217974 -0.087253 -6.784767 -0.222164 0.974127 -0.041474 -2.966900 0.075956 0.059699 0.995322 4.170527 0.000000 0.000000 0.000000 1.000000
17 0.824191 -0.420555 0.379266 -18.447754 0.539660 0.786289 -0.300858 1.479890 -0.171685 0.452639 0.875010 8.654249 0.000000 0.000000 0.000000 1.000000
16 0.869224 -0.466876 0.162718 -7.514380 0.465225 0.883751 0.050499 0.000000 -0.167379 0.031806 0.985379 -0.000000 0.000000 0.000000 0.000000 1.000000
15 0.986386 -0.055471 0.154811 -7.489388 0.046820 0.997161 0.058981 0.000000 -0.157643 -0.050930 0.986182 0.000000 0.000000 0.000000 0.000000 1.000000
13 0.742284 -0.544813 0.390119 -17.507765 0.494811 0.838244 0.229150 -0.477745 -0.451859 0.022941 0.891794 -10.003080 0.000000 0.000000 0.000000 1.000000
12 0.882706 -0.467046 -0.051944 -7.044222 0.466760 0.884195 -0.018258 0.000000 0.054456 -0.008129 0.998483 -0.000000 0.000000 0.000000 0.000000 1.000000
11 0.780539 -0.622454 -0.057537 -7.078903 0.622960 0.782178 -0.010876 0.000000 0.051774 -0.027354 0.998284 -0.000000 0.000000 0.000000 0.000000 1.000000
9 0.910436 -0.413473 -0.012136 13.655973 0.349483 0.753177 0.557302 -7.135242 -0.221289 -0.511629 0.830221 0.129696 0.000000 0.000000 0.000000 1.000000
8 0.995748 0.086063 -0.032851 0.000027 -0.084237 0.706336 -0.702847 -35.919125 -0.037285 0.702625 0.710582 1.481440 0.000000 0.000000 0.000000 1.000000
7 0.962439 0.252784 -0.099050 0.000000 -0.230794 0.953898 0.191864 -34.307396 0.142984 -0.161797 0.976410 -2.646744 0.000000 0.000000 0.000000 1.000000
6 0.974420 0.026910 -0.223120 0.000000 -0.018916 0.999103 0.037889 -15.193100 0.223939 -0.032699 0.974054 14.911814 0.000000 0.000000 0.000000 1.000000
4 0.900410 0.376310 -0.218294 -13.655973 -0.180996 0.780324 0.598611 -7.135242 0.395603 -0.499485 0.770722 0.129696 0.000000 0.000000 0.000000 1.000000
3 0.994996 0.033084 0.094280 -0.000027 0.048118 0.668300 -0.742334 -35.919125 -0.087567 0.743156 0.663364 1.481440 0.000000 0.000000 0.000000 1.000000
2 0.975398 -0.212814 0.057532 -0.000000 0.195151 0.954920 0.223705 -34.307396 -0.102546 -0.206974 0.972957 -2.646744 0.000000 0.000000 0.000000 1.000000
1 0.963632 -0.207711 0.168136 -0.000000 0.195506 0.976895 0.086336 -15.193100 -0.182184 -0.050325 0.981976 14.911814 0.000000 0.000000 0.000000 1.000000
time 6
35 0.999104 0.015483 0.039382 -2.827317 -0.014723 0.999701 -0.019533 81.931595 -0.039672 0.018936 0.999033 -1.078373 0.000000 0.000000 0.000000 1.000000
34 0.999547 -0.028922 -0.008324 -0.000000 0.025834 0.966416 -0.255681 10.763858 0.015439 0.255350 0.966725 1.243517 0.000000 0.000000 0.000000 1.000000
33 0.999666 -0.025637 -0.003206 -0.018927 0.023354 0.949689 -0.312323 13.061344 0.011052 0.312143 0.949971 0.227481 0.000000 0.000000 0.000000 1.000000
32 0.999695 -0.023757 -0.006800 -0.021630 0.021522 0.972289 -0.232789 12.988213 0.012142 0.232572 0.972503 -0.916687 0.000000 0.000000 0.000000 1.000000
31 0.999971 -0.001283 -0.007474 -0.011927 0.001154 0.999852 -0.017152 24.670660 0.007494 0.017143 0.999825 2.028101 0.000000 0.000000 0.000000 1.000000
30 0.999971 -0.001283 -0.007474 -0.000000 0.001154 0.999852 -0.017152 8.817325 0.007494 0.017143 0.999825 6.102616 0.000000 0.000000 0.000000 1.000000
29 0.935541 -0.197514 -0.292834 9.553568 0.118067 0.956223 -0.267765 16.065386 0.332902 0.215931 0.917905 -5.227832 0.000000 0.000000 0.000000 1.000000
28 0.742424 0.539553 -0.397100 17.892990 -0.439827 0.839675 0.318587 2.066080 0.505330 -0.061871 0.860705 -0.922929 0.000000 0.000000 0.000000 1.000000
27 0.358234 0.196261 -0.912770 26.374767 -0.312706 0.946410 0.080766 -0.000102 0.879706 0.256496 0.400408 -1.459064 0.000000 0.000000 0.000000 1.000000
25 0.979634 0.106806 0.170029 -9.553568 -0.069852 0.975178 -0.210114 16.065386 -0.188250 0.193958 0.962778 -5.227832 0.000000 0.000000 0.000000 1.000000
24 0.644710 -0.711387 0.279780 -17.811876 0.566900 0.690471 0.449304 2.066080 -0.512809 -0.131064 0.848439 -0.922929 0.000000 0.000000 0.000000 1.000000
23 0.421210 -0.320205 0.848558 -26.374767 0.145516 0.947342 0.285249 -0.000102 -0.895214 0.003329 0.445625 -1.459064 0.000000 0.000000 0.000000 1.000000
22 0.963811 -0.224157 -0.144296 -26.753433 0.208735 0.971241 -0.114550 0.000357 0.165823 0.080285 0.982882 0.000016 0.000000 0.000000 0.000000 1.000000
21 0.980701 -0.174238 0.088695 -2.492348 0.193823 0.806893 -0.557993 -4.446348 0.025656 0.564416 0.825092 6.163476 0.000000 0.000000 0.000000 1.000000
20 0.967383 0.185556 -0.172452 -6.602643 -0.183256 0.982628 0.029303 -4.314004 0.174893 0.003256 0.984582 6.890449 0.000000 0.000000 0.000000 1.000000
19 0.976095 0.197915 -0.089822 -6.784767 -0.201353 0.979031 -0.030895 -2.966900 0.081824 0.048242 0.995479 4.170527 0.000000 0.000000 0.000000 1.000000
17 0.829827 -0.427050 0.359188 -18.447754 0.535293 0.791028 -0.296201 1.479890 -0.157635 0.438067 0.885013 8.654249 0.000000 0.000000 0.000000 1.000000
16 0.879610 -0.452752 0.145954 -7.514380 0.451753 0.891161 0.041850 0.000000 -0.149016 0.029123 0.988406 -0.000000 0.000000 0.000000 0.000000 1.000000
15 0.989627 -0.038312 0.138455 -7.489388 0.031749 0.998279 0.049300 0.000000 -0.140106 -0.044393 0.989141 0.000000 0.000000 0.000000 0.000000 1.000000
13 0.760096 -0.530576 0.375157 -17.507765 0.488093 0.847299 0.209403 -0.477745 -0.428975 0.023945 0.902999 -10.003080 0.000000 0.000000 0.000000 1.000000
12 0.889050 -0.452418 -0.070055 -7.044222 0.451945 0.891740 -0.023374 0.000000 0.073046 -0.010881 0.997269 -0.000000 0.000000 0.000000 0.000000 1.000000
11 0.788717 -0.609896 -0.077151 -7.078903 0.610847 0.791636 -0.013355 0.000000 0.069220 -0.036594 0.996930 0.000000 0.000000 0.000000 0.000000 1.000000
9 0.913155 -0.406955 -0.023143 13.655973 0.351221 0.756740 0.551351 -7.135242 -0.206861 -0.511598 0.833952 0.129696 0.000000 0.000000 0.000000 1.000000
8 0.996774 0.072337 -0.034769 0.000027 -0.077193 0.745447 -0.662080 -35.919125 -0.021975 0.662628 0.748626 1.481440 0.000000 0.000000 0.000000 1.000000
7 0.958286 0.269217 -0.095966 0.000000 -0.253007 0.955239 0.153319 -34.307396 0.132946 -0.122644 0.983506 -2.646744 0.000000 0.000000 0.000000 1.000000
6 0.974419 0.026898 -0.223122 0.000000 -0.019079 0.999128 0.037125 -15.193100 0.223926 -0.031918 0.974083 14.911814 0.000000 0.000000 0.000000 1.000000
4 0.902570 0.362530 -0.232248 -13.655973 -0.162197 0.785997 0.596574 -7.135242 0.398822 -0.500780 0.768219 0.129696 0.000000 0.000000 0.000000 1.000000
3 0.997083 0.037926 0.066240 -0.000027 0.023506 0.673073 -0.739202 -35.919125 -0.072619 0.738603 0.670218 1.481440 0.000000 0.000000 0.000000 1.000000
2 0.976505 -0.206586 0.061329 -0.000000 0.188546 0.956859 0.221067 -34.307396 -0.104352 -0.204310 0.973328 -2.646744 0.000000 0.000000 0.000000 1.000000
1 0.963484 -0.208363 0.168177 -0.000000 0.196115 0.976749 0.086604 -15.193100 -0.182312 -0.050460 0.981945 14.911814 0.000000 0.000000 0.000000 1.000000
time 7
35 0.997356 0.017342 0.070577 -4.311878 -0.015687 0.999590 -0.023939 82.431175 -0.070964 0.022769 0.997219 -1.944043 0.000000 0.000000 0.000000 1.000000
34 0.999379 -0.033863 -0.009775 -0.000000 0.030459 0.969321 -0.243904 10.763858 0.017735 0.243455 0.969750 1.243517 0.000000 0.000000 0.000000 1.000000
33 0.999618 -0.027319 -0.004163 -0.018927 0.024777 0.952748 -0.302750 13.061344 0.012237 0.302532 0.953061 0.227481 0.000000 0.000000 0.000000 1.000000
32 0.999648 -0.025379 -0.007735 -0.021630 0.022902 0.972590 -0.231396 12.988213 0.013396 0.231138 0.972829 -0.916687 0.000000 0.000000 0.000000 1.000000
31 0.999904 -0.003067 -0.013541 -0.011927 0.002842 0.999858 -0.016626 24.670660 0.013590 0.016586 0.999770 2.028101 0.000000 0.000000 0.000000 1.000000
30 0.999904 -0.003067 -0.013541 -0.000000 0.002842 0.999858 -0.016625 8.817325 0.013590 0.016585 0.999770 6.102616 0.000000 0.000000 0.000000 1.000000
29 0.926922 -0.220844 -0.303388 9.553568 0.144795 0.956363 -0.253778 16.065386 0.346195 0.191304 0.918451 -5.227832 0.000000 0.000000 0.000000 1.000000
28 0.754013 0.528018 -0.390718 17.892990 -0.455835 0.848905 0.267535 2.066080 0.472946 -0.023622 0.880775 -0.922929 0.000000 0.000000 0.000000 1.000000
27 0.290296 0.188870 -0.938113 26.374767 -0.310827 0.945784 0.094230 -0.000102 0.905050 0.264236 0.333263 -1.459064 0.000000 0.000000 0.000000 1.000000
25 0.983052 0.101861 0.152421 -9.553568 -0.072677 0.979843 -0.186080 16.065386 -0.168303 0.171849 0.970640 -5.227832 0.000000 0.000000 0.000000 1.000000
24 0.643235 -0.709184 0.288629 -17.811876 0.567161 0.694560 0.442622 2.066080 -0.514371 -0.121011 0.848987 -0.922929 0.000000 0.000000 0.000000 1.000000
23 0.433842 -0.317290 0.843273 -26.374767 0.164586 0.948101 0.272057 -0.000102 -0.885829 0.020761 0.463547 -1.459064 0.000000 0.000000 0.000000 1.000000
22 0.980841 -0.176709 -0.082002 -26.753433 0.163390 0.975445 -0.147685 0.000357 0.106085 0.131458 0.985629 0.000016 0.000000 0.000000 0.000000 1.000000
21 0.974934 -0.197691 0.102089 -2.492348 0.221232 0.812522 -0.539318 -4.446348 0.023669 0.548385 0.835891 6.163476 0.000000 0.000000 0.000000 1.000000
20 0.968768 0.167837 -0.182534 -6.602643 -0.164002 0.985802 0.036016 -4.314004 0.185987 -0.004955 0.982540 6.890449 0.000000 0.000000 0.000000 1.000000
19 0.979723 0.177630 -0.092686 -6.784767 -0.180237 0.983410 -0.020492 -2.966900 0.087508 0.036782 0.995485 4.170527 0.000000 0.000000 0.000000 1.000000
17 0.835133 -0.433294 0.338835 -18.447754 0.531005 0.795777 -0.291157 1.479890 -0.143481 0.423078 0.894661 8.654249 0.000000 0.000000 0.000000 1.000000
16 0.889485 -0.438466 0.128699 -7.514380 0.437969 0.898359 0.033669 0.000000 -0.130381 0.026419 0.991112 -0.000000 0.000000 0.000000 0.000000 1.000000
15 0.992346 -0.021128 0.121665 -7.489388 0.016354 0.999062 0.040105 0.000000 -0.122399 -0.037808 0.991761 0.000000 0.000000 0.000000 0.000000 1.000000
13 0.777362 -0.516318 0.359338 -17.507765 0.480828 0.856025 0.189803 -0.477745 -0.405601 0.025234 0.913702 -10.003080 0.000000 0.000000 0.000000 1.000000
12 0.894789 -0.437625 -0.088529 -7.044222 0.436942 0.899054 -0.027990 0.000000 0.091842 -0.013637 0.995680 -0.000000 0.000000 0.000000 0.000000 1.000000
11 0.796390 -0.596958 -0.096979 -7.078903 0.598526 0.800959 -0.015248 0.000000 0.086779 -0.045901 0.995170 0.000000 0.000000 0.000000 0.000000 1.000000
9 0.913042 -0.406166 -0.037198 13.655973 0.360419 0.760774 0.539741 -7.135242 -0.190926 -0.506213 0.841009 0.129696 0.000000 0.000000 0.000000 1.000000
8 0.996689 0.068021 -0.044549 0.000027 -0.081181 0.801458 -0.592516 -35.919125 -0.004599 0.594170 0.804326 1.481440 0.000000 0.000000 0.000000 1.000000
7 0.953982 0.283731 -0.097028 0.000000 -0.275523 0.957091 0.089796 -34.307396 0.118342 -0.058930 0.991223 -2.646744 0.000000 0.000000 0.000000 1.000000
6 0.974419 0.026906 -0.223123 0.000000 -0.018891 0.999100 0.037980 -15.193100 0.223944 -0.032793 0.974050 14.911814 0.000000 0.000000 0.000000 1.000000
4 0.902328 0.344107 -0.259603 -13.655973 -0.132147 0.794091 0.593259 -7.135242 0.410293 -0.501009 0.762004 0.129696 0.000000 0.000000 0.000000 1.000000
3 0.998280 0.048360 0.033131 -0.000027 -0.008611 0.680019 -0.733144 -35.919125 -0.057985 0.731598 0.679266 1.481440 0.000000 0.000000 0.000000 1.000000
2 0.978483 -0.194927 0.067630 -0.000000 0.176440 0.960438 0.215470 -34.307396 -0.106955 -0.198901 0.974166 -2.646744 0.000000 0.000000 0.000000 1.000000
1 0.963450 -0.208555 0.168137 -0.000000 0.196458 0.976750 0.085812 -15.193100 -0.182124 -0.049644 0.982022 14.911814 0.000000 0.000000 0.000000 1.000000
time 8
35 0.994438 0.018852 0.103622 -6.221075 -0.015973 0.999465 -0.028538 83.038658 -0.104105 0.026724 0.994207 -3.146724 0.000000 0.000000 0.000000 1.000000
34 0.999140 -0.039717 -0.011912 -0.000000 0.035935 0.972724 -0.229164 10.763858 0.020689 0.228539 0.973315 1.243517 0.000000 0.000000 0.000000 1.000000
33 0.999549 -0.029568 -0.005219 -0.018927 0.026769 0.956320 -0.291093 13.061344 0.013598 0.290822 0.956681 0.227481 0.000000 0.000000 0.000000 1.000000
32 0.999580 -0.027615 -0.008733 -0.021630 0.024898 0.973344 -0.227994 12.988213 0.014796 0.227681 0.973623 -0.916687 0.000000 0.000000 0.000000 1.000000
31 0.999718 -0.005836 -0.023038 -0.011927 0.005471 0.999859 -0.015885 24.670660 0.023127 0.015755 0.999608 2.028101 0.000000 0.000000 0.000000 1.000000
30 0.999718 -0.005836 -0.023038 -0.000000 0.005471 0.999859 -0.015885 8.817325 0.023127 0.015755 0.999608 6.102616 0.000000 0.000000 0.000000 1.000000
29 0.913602 -0.248251 -0.322029 9.553568 0.173668 0.954352 -0.243007 16.065386 0.367655 0.166086 0.915011 -5.227832 0.000000 0.000000 0.000000 1.000000
28 0.773369 0.514990 -0.369710 17.892990 -0.464317 0.857196 0.222765 2.066080 0.431636 -0.000617 0.902048 -0.922929 0.000000 0.000000 0.000000 1.000000
27 0.226168 0.183069 -0.956731 26.374767 -0.308563 0.945065 0.107893 -0.000102 0.923925 0.270810 0.270232 -1.459064 0.000000 0.000000 0.000000 1.000000
25 0.985999 0.098067 0.134868 -9.553568 -0.075520 0.983703 -0.163172 16.065386 -0.148672 0.150702 0.977336 -5.227832 0.000000 0.000000 0.000000 1.000000
24 0.650335 -0.701361 0.291817 -17.811876 0.558686 0.701882 0.441851 2.066080 -0.514718 -0.124317 0.848299 -0.922929 0.000000 0.000000 0.000000 1.000000
23 0.455401 -0.313745 0.833171 -26.374767 0.185661 0.948738 0.255783 -0.000102 -0.870712 0.038204 0.490307 -1.459064 0.000000 0.000000 0.000000 1.000000
22 0.992171 -0.122694 -0.023281 -26.753433 0.116778 0.977577 -0.175230 0.000357 0.044259 0.171139 0.984252 0.000016 0.000000 0.000000 0.000000 1.000000
21 0.968680 -0.220315 0.114546 -2.492348 0.247400 0.816759 -0.521248 -4.446348 0.021282 0.533261 0.845683 6.163476 0.000000 0.000000 0.000000 1.000000
20 0.969624 0.151042 -0.192396 -6.602643 -0.145624 0.988445 0.042080 -4.314004 0.196529 -0.012785 0.980415 6.890449 0.000000 0.000000 0.000000 1.000000
19 0.982756 0.158234 -0.095673 -6.784767 -0.159979 0.987061 -0.010814 -2.966900 0.092724 0.025933 0.995354 4.170527 0.000000 0.000000 0.000000 1.000000
17 0.839847 -0.438962 0.319327 -18.447754 0.527027 0.800271 -0.286021 1.479890 -0.129996 0.408507 0.903450 8.654249 0.000000 0.000000 0.000000 1.000000
