keyframes
0.000000
0.033333
0.066667
0.100000
0.133333
0.166667
0.200000
0.233333
0.266667
0.300000
0.333333
0.366667
0.400000
0.433333
0.466667
0.500000
0.533333
0.566667
0.600000
0.633333
0.666667
0.700000
0.733333
0.766667
0.800000
0.833333
0.866667
0.900000
0.933333
0.966667
1.000000
1.033333
1.066667
1.100000
1.133333
1.166667
1.200000
1.233333
1.266667
1.300000
1.333333
1.366667
1.400000
1.433333
1.466667
1.500000
time 0
40 0.582079 -0.122826 -0.803802 0.982111 -0.011623 0.987168 -0.159263 82.573692 0.813049 0.102046 0.573182 -1.001144 0.000000 0.000000 0.000000 1.000000
39 0.996475 0.057222 0.061337 -0.000000 -0.048942 0.990449 -0.128899 14.652452 -0.068128 0.125443 0.989759 0.432472 0.000000 0.000000 0.000000 1.000000
38 0.998870 -0.040556 0.024793 0.000000 0.041082 0.998933 -0.021096 10.372511 -0.023911 0.022091 0.999470 0.047685 0.000000 0.000000 0.000000 1.000000
37 0.999575 -0.018316 0.022667 -0.000000 0.018403 0.999824 -0.003651 10.084998 -0.022596 0.004067 0.999736 0.302715 0.000000 0.000000 0.000000 1.000000
36 0.985070 0.027001 0.170026 0.000000 -0.032879 0.998952 0.031849 31.685007 -0.168988 -0.036964 0.984925 0.246449 0.000000 0.000000 0.000000 1.000000
35 0.912383 0.079625 0.401518 -0.000000 -0.112643 0.991866 0.059267 11.408890 -0.393533 -0.099302 0.913932 1.920896 0.000000 0.000000 0.000000 1.000000
33 0.982537 0.070533 -0.172178 10.912857 -0.064297 0.997066 0.041541 26.732725 0.174603 -0.029745 0.984190 -2.705630 0.000000 0.000000 0.000000 1.000000
32 0.644960 0.700731 -0.304964 13.894908 -0.701135 0.701325 0.128660 -9.016914 0.304035 0.130841 0.943633 1.215675 0.000000 0.000000 0.000000 1.000000
31 0.043907 0.528302 -0.847920 32.246170 0.027349 0.847785 0.529634 -0.183667 0.998661 -0.046445 0.022775 -2.285661 0.000000 0.000000 0.000000 1.000000
30 0.998267 0.050328 -0.030488 28.013548 -0.050370 0.998730 -0.000594 0.183364 0.030419 0.002128 0.999535 0.670486 0.000000 0.000000 0.000000 1.000000
29 0.150492 0.979231 -0.135865 18.109711 -0.985145 0.160040 0.062260 -0.000038 0.082711 0.124477 0.988769 0.000050 0.000000 0.000000 0.000000 1.000000
28 0.406790 0.910809 -0.070354 4.183721 -0.913387 0.406845 -0.014192 -0.000026 0.015697 0.070034 0.997421 -0.000005 0.000000 0.000000 0.000000 1.000000
27 0.325195 0.945639 -0.003920 3.830242 -0.945187 0.324904 -0.032529 -0.098050 -0.029487 0.014283 0.999463 0.058395 0.000000 0.000000 0.000000 1.000000
25 0.968272 0.249442 -0.015106 6.273973 -0.249822 0.964712 -0.083184 -3.207020 -0.006176 0.084319 0.996420 3.859405 0.000000 0.000000 0.000000 1.000000
24 0.964068 -0.149778 0.219407 5.060122 0.206547 0.942007 -0.264502 -2.921443 -0.167066 0.300316 0.939095 2.921605 0.000000 0.000000 0.000000 1.000000
23 0.986859 -0.073606 -0.143848 5.809099 -0.094522 0.459060 -0.883363 -3.353832 0.131055 0.885351 0.446070 3.353911 0.000000 0.000000 0.000000 1.000000
21 0.942570 -0.046180 -0.330802 -10.912857 0.091014 0.988429 0.121345 26.732725 0.321370 -0.144484 0.935866 -2.705630 0.000000 0.000000 0.000000 1.000000
20 0.616692 -0.781982 0.090529 -13.894908 0.784587 0.619934 0.010249 -9.016914 -0.064136 0.064707 0.995841 1.215675 0.000000 0.000000 0.000000 1.000000
19 0.355172 -0.087322 0.930714 -32.219643 0.028807 0.996177 0.082471 -0.171897 -0.934357 -0.002481 0.356330 -2.634137 0.000000 0.000000 0.000000 1.000000
18 0.860490 -0.155009 0.485313 -28.019154 0.154912 0.987093 0.040609 0.180876 -0.485344 0.040237 0.873397 0.369207 0.000000 0.000000 0.000000 1.000000
17 0.478005 -0.876392 -0.058729 -18.104378 0.878157 0.478256 0.010621 0.000443 0.018779 -0.056650 0.998217 -0.195428 0.000000 0.000000 0.000000 1.000000
16 0.395959 -0.915823 0.066969 -4.916212 0.917807 0.397017 0.002738 0.000190 -0.029095 0.060381 0.997751 -0.053088 0.000000 0.000000 0.000000 1.000000
15 0.514227 -0.857638 -0.005324 -4.301387 0.857331 0.514194 -0.024264 -0.000004 0.023547 0.007913 0.999691 -0.013916 0.000000 0.000000 0.000000 1.000000
13 0.767469 -0.436239 -0.469774 -6.344480 0.194623 0.856737 -0.477623 -3.303541 0.610830 0.275132 0.742421 3.657446 0.000000 0.000000 0.000000 1.000000
12 0.911451 0.353713 0.210105 -4.317011 -0.352695 0.934722 -0.043595 -3.095828 -0.211810 -0.034368 0.976706 3.801934 0.000000 0.000000 0.000000 1.000000
11 0.893985 0.128501 -0.429276 -4.968810 -0.063137 0.984565 0.163237 -4.080473 0.443626 -0.118828 0.888299 3.860468 0.000000 0.000000 0.000000 1.000000
9 0.658510 -0.651073 0.377450 13.025906 -0.004316 0.498271 0.867011 -7.138231 -0.752559 -0.572564 0.325307 0.858406 0.000000 0.000000 0.000000 1.000000
8 0.964611 -0.071779 -0.253720 0.124313 -0.126683 0.717742 -0.684688 -35.765831 0.231251 0.692600 0.683249 3.144568 0.000000 0.000000 0.000000 1.000000
7 0.976784 0.214226 -0.001154 -0.111785 -0.212885 0.970038 -0.117073 -40.173641 -0.023961 0.114601 0.993123 -5.709243 0.000000 0.000000 0.000000 1.000000
6 0.995825 -0.063344 -0.065730 1.284375 0.066567 0.996625 0.048045 -16.831020 0.062464 -0.052220 0.996680 16.756786 0.000000 0.000000 0.000000 1.000000
4 0.738273 0.594823 -0.318022 -13.025906 -0.385833 0.759159 0.524224 -7.138231 0.553250 -0.264317 0.789969 0.858406 0.000000 0.000000 0.000000 1.000000
3 0.995988 0.089428 -0.003350 -0.124313 -0.071136 0.768440 -0.635956 -35.765831 -0.054298 0.633643 0.771718 3.144568 0.000000 0.000000 0.000000 1.000000
2 0.827443 -0.554832 -0.086599 0.111785 0.561000 0.809924 0.171178 -40.173641 -0.024837 -0.190222 0.981427 -5.709243 0.000000 0.000000 0.000000 1.000000
1 0.999790 0.017391 0.010851 -1.284375 -0.017647 0.999556 0.023988 -16.831020 -0.010429 -0.024175 0.999653 16.756786 0.000000 0.000000 0.000000 1.000000
time 1
40 0.572246 -0.145868 -0.807005 1.299013 0.010483 0.985275 -0.170657 82.642563 0.820015 0.089198 0.565349 -1.540765 0.000000 0.000000 0.000000 1.000000
39 0.997774 0.035654 0.056348 0.000000 -0.028366 0.991723 -0.125225 14.652452 -0.060346 0.123348 0.990527 0.432472 0.000000 0.000000 0.000000 1.000000
38 0.999047 -0.037421 0.022486 0.000000 0.037659 0.999238 -0.010236 10.372511 -0.022086 0.011073 0.999695 0.047685 0.000000 0.000000 0.000000 1.000000
37 0.999628 -0.017465 0.020928 -0.000000 0.017377 0.999839 0.004394 10.084998 -0.021001 -0.004028 0.999771 0.302715 0.000000 0.000000 0.000000 1.000000
36 0.984299 0.029752 0.173984 -0.000000 -0.037031 0.998563 0.038741 31.685007 -0.172582 -0.044575 0.983986 0.246449 0.000000 0.000000 0.000000 1.000000
35 0.906898 0.080600 0.413570 -0.000000 -0.116804 0.991157 0.062969 11.408890 -0.404837 -0.105413 0.908292 1.920896 0.000000 0.000000 0.000000 1.000000
33 0.985105 0.058782 -0.161592 10.912857 -0.054789 0.998075 0.029059 26.732725 0.162989 -0.019773 0.986430 -2.705630 0.000000 0.000000 0.000000 1.000000
32 0.675208 0.683454 -0.277462 13.894908 -0.638043 0.729904 0.245238 -9.016914 0.370130 0.011446 0.928910 1.215675 0.000000 0.000000 0.000000 1.000000
31 0.278357 0.466437 -0.839615 32.246170 0.018513 0.871396 0.490230 -0.183667 0.960299 -0.152003 0.233924 -2.285661 0.000000 0.000000 0.000000 1.000000
30 0.996453 0.062292 -0.056586 28.013548 -0.063407 0.997823 -0.018135 0.183364 0.055333 0.021658 0.998233 0.670486 0.000000 0.000000 0.000000 1.000000
29 0.150493 0.979231 -0.135865 18.109711 -0.985145 0.160040 0.062260 -0.000038 0.082711 0.124477 0.988769 0.000050 0.000000 0.000000 0.000000 1.000000
28 0.406790 0.910808 -0.070355 4.183721 -0.913387 0.406845 -0.014192 -0.000026 0.015697 0.070034 0.997421 -0.000005 0.000000 0.000000 0.000000 1.000000
27 0.325194 0.945639 -0.003920 3.830242 -0.945187 0.324904 -0.032529 -0.098050 -0.029487 0.014283 0.999463 0.058395 0.000000 0.000000 0.000000 1.000000
25 0.968272 0.249442 -0.015106 6.273973 -0.249822 0.964712 -0.083184 -3.207020 -0.006176 0.084319 0.996420 3.859405 0.000000 0.000000 0.000000 1.000000
24 0.964068 -0.149778 0.219407 5.060122 0.206547 0.942007 -0.264502 -2.921443 -0.167066 0.300316 0.939095 2.921605 0.000000 0.000000 0.000000 1.000000
23 0.986859 -0.073606 -0.143848 5.809099 -0.094522 0.459060 -0.883362 -3.353832 0.131055 0.885351 0.446070 3.353911 0.000000 0.000000 0.000000 1.000000
21 0.968999 -0.001341 -0.247060 -10.912857 0.032548 0.991963 0.122273 26.732725 0.244911 -0.126524 0.961255 -2.705630 0.000000 0.000000 0.000000 1.000000
20 0.652702 -0.756113 0.047680 -13.894908 0.752596 0.654325 0.073872 -9.016914 -0.087054 -0.012333 0.996127 1.215675 0.000000 0.000000 0.000000 1.000000
19 0.241657 -0.345838 0.906641 -32.219643 0.033673 0.936759 0.348351 -0.171897 -0.969777 -0.053652 0.238020 -2.634137 0.000000 0.000000 0.000000 1.000000
18 0.945470 -0.175847 0.274162 -28.019154 0.196411 0.979285 -0.049228 0.180876 -0.259826 0.100392 0.960423 0.369207 0.000000 0.000000 0.000000 1.000000
17 0.478005 -0.876392 -0.058728 -18.104378 0.878157 0.478255 0.010621 0.000443 0.018779 -0.056650 0.998217 -0.195428 0.000000 0.000000 0.000000 1.000000
16 0.395958 -0.915823 0.066970 -4.916212 0.917807 0.397017 0.002738 0.000190 -0.029096 0.060381 0.997751 -0.053088 0.000000 0.000000 0.000000 1.000000
15 0.514227 -0.857638 -0.005324 -4.301387 0.857331 0.514193 -0.024264 -0.000004 0.023548 0.007913 0.999691 -0.013916 0.000000 0.000000 0.000000 1.000000
13 0.767469 -0.436239 -0.469774 -6.344480 0.194623 0.856737 -0.477622 -3.303541 0.610830 0.275131 0.742421 3.657446 0.000000 0.000000 0.000000 1.000000
12 0.911451 0.353713 0.210105 -4.317011 -0.352695 0.934722 -0.043595 -3.095828 -0.211810 -0.034368 0.976706 3.801934 0.000000 0.000000 0.000000 1.000000
11 0.893985 0.128501 -0.429276 -4.968810 -0.063137 0.984565 0.163237 -4.080473 0.443626 -0.118828 0.888299 3.860468 0.000000 0.000000 0.000000 1.000000
9 0.665197 -0.632114 0.397423 13.025906 -0.020232 0.516808 0.855862 -7.138231 -0.746394 -0.577358 0.330990 0.858406 0.000000 0.000000 0.000000 1.000000
8 0.969322 -0.070713 -0.235405 0.124313 -0.108799 0.735354 -0.668892 -35.765831 0.220405 0.673984 0.705101 3.144568 0.000000 0.000000 0.000000 1.000000
7 0.975533 0.219835 -0.002751 -0.111785 -0.218285 0.967012 -0.131298 -40.173641 -0.026204 0.128686 0.991339 -5.709243 0.000000 0.000000 0.000000 1.000000
6 0.995825 -0.063344 -0.065730 1.284375 0.066566 0.996625 0.048045 -16.831020 0.062464 -0.052220 0.996680 16.756786 0.000000 0.000000 0.000000 1.000000
4 0.734622 0.613539 -0.289655 -13.025906 -0.390359 0.731391 0.559185 -7.138231 0.554933 -0.297721 0.776796 0.858406 0.000000 0.000000 0.000000 1.000000
3 0.995717 0.092355 -0.004277 -0.124313 -0.072694 0.753477 -0.653444 -35.765831 -0.057126 0.650956 0.756963 3.144568 0.000000 0.000000 0.000000 1.000000
2 0.827932 -0.554457 -0.084300 0.111785 0.560197 0.810466 0.171246 -40.173641 -0.026626 -0.189004 0.981615 -5.709243 0.000000 0.000000 0.000000 1.000000
1 0.999790 0.017391 0.010852 -1.284375 -0.017647 0.999556 0.023988 -16.831020 -0.010430 -0.024174 0.999653 16.756786 0.000000 0.000000 0.000000 1.000000
time 2
40 0.563350 -0.169801 -0.808582 1.769316 0.033412 0.982535 -0.183052 82.665771 0.825543 0.076106 0.559184 -1.483587 0.000000 0.000000 0.000000 1.000000
39 0.999130 0.014001 0.039278 0.000000 -0.008824 0.991604 -0.129010 14.652452 -0.040755 0.128552 0.990865 0.432472 0.000000 0.000000 0.000000 1.000000
38 0.999436 -0.029333 0.016365 0.000000 0.029248 0.999557 0.005444 10.372511 -0.016517 -0.004962 0.999851 0.047685 0.000000 0.000000 0.000000 1.000000
37 0.999791 -0.012860 0.015915 0.000000 0.012616 0.999803 0.015344 10.084998 -0.016109 -0.015140 0.999756 0.302715 0.000000 0.000000 0.000000 1.000000
36 0.983444 0.032709 0.178238 0.000000 -0.041568 0.998067 0.046194 31.685007 -0.176383 -0.052838 0.982902 0.246449 0.000000 0.000000 0.000000 1.000000
35 0.900801 0.081633 0.426490 -0.000000 -0.121444 0.990338 0.066948 11.408890 -0.416904 -0.112102 0.902011 1.920896 0.000000 0.000000 0.000000 1.000000
33 0.987866 0.047124 -0.147985 10.912857 -0.045258 0.998848 0.015956 26.732725 0.148566 -0.009065 0.988861 -2.705630 0.000000 0.000000 0.000000 1.000000
32 0.734385 0.639366 -0.227792 13.894908 -0.540478 0.753888 0.373545 -9.016914 0.410562 -0.151209 0.899208 1.215675 0.000000 0.000000 0.000000 1.000000
31 0.549677 0.408180 -0.728865 32.246170 0.010152 0.869169 0.494410 -0.183667 0.835315 -0.279166 0.473619 -2.285661 0.000000 0.000000 0.000000 1.000000
30 0.976682 0.149124 -0.154451 28.013548 -0.154195 0.987810 -0.021321 0.183364 0.149389 0.044639 0.987770 0.670486 0.000000 0.000000 0.000000 1.000000
29 0.150492 0.979231 -0.135865 18.109711 -0.985145 0.160040 0.062260 -0.000038 0.082711 0.124477 0.988769 0.000050 0.000000 0.000000 0.000000 1.000000
28 0.406790 0.910809 -0.070354 4.183721 -0.913387 0.406845 -0.014192 -0.000026 0.015697 0.070034 0.997421 -0.000005 0.000000 0.000000 0.000000 1.000000
27 0.325194 0.945639 -0.003920 3.830242 -0.945187 0.324904 -0.032529 -0.098050 -0.029487 0.014283 0.999463 0.058395 0.000000 0.000000 0.000000 1.000000
25 0.968272 0.249441 -0.015106 6.273973 -0.249822 0.964712 -0.083184 -3.207020 -0.006176 0.084319 0.996420 3.859405 0.000000 0.000000 0.000000 1.000000
24 0.964068 -0.149778 0.219407 5.060122 0.206547 0.942007 -0.264502 -2.921443 -0.167066 0.300316 0.939095 2.921605 0.000000 0.000000 0.000000 1.000000
23 0.986859 -0.073606 -0.143848 5.809099 -0.094522 0.459060 -0.883363 -3.353832 0.131055 0.885351 0.446070 3.353911 0.000000 0.000000 0.000000 1.000000
21 0.985658 0.040178 -0.163902 -10.912857 -0.022868 0.994086 0.106164 26.732725 0.167199 -0.100893 0.980747 -2.705630 0.000000 0.000000 0.000000 1.000000
20 0.694540 -0.718484 0.037344 -13.894908 0.705441 0.690289 0.160795 -9.016914 -0.141307 -0.085335 0.986281 1.215675 0.000000 0.000000 0.000000 1.000000
19 0.140222 -0.439597 0.887182 -32.219643 0.025792 0.897353 0.440559 -0.171897 -0.989784 -0.038893 0.137166 -2.634137 0.000000 0.000000 0.000000 1.000000
18 0.994985 -0.066337 0.074868 -28.019154 0.073569 0.992426 -0.098379 0.180876 -0.067775 0.103394 0.992329 0.369207 0.000000 0.000000 0.000000 1.000000
17 0.478004 -0.876392 -0.058728 -18.104378 0.878157 0.478255 0.010621 0.000443 0.018779 -0.056650 0.998217 -0.195428 0.000000 0.000000 0.000000 1.000000
16 0.395959 -0.915823 0.066970 -4.916212 0.917807 0.397017 0.002738 0.000190 -0.029095 0.060381 0.997751 -0.053088 0.000000 0.000000 0.000000 1.000000
15 0.514227 -0.857638 -0.005324 -4.301387 0.857331 0.514194 -0.024264 -0.000004 0.023547 0.007913 0.999691 -0.013916 0.000000 0.000000 0.000000 1.000000
13 0.767469 -0.436239 -0.469774 -6.344480 0.194623 0.856737 -0.477623 -3.303541 0.610830 0.275132 0.742421 3.657446 0.000000 0.000000 0.000000 1.000000
12 0.911451 0.353713 0.210105 -4.317011 -0.352694 0.934722 -0.043595 -3.095828 -0.211810 -0.034368 0.976706 3.801934 0.000000 0.000000 0.000000 1.000000
11 0.893985 0.128501 -0.429276 -4.968810 -0.063137 0.984565 0.163237 -4.080473 0.443626 -0.118828 0.888299 3.860468 0.000000 0.000000 0.000000 1.000000
9 0.674285 -0.609665 0.416712 13.025906 -0.042029 0.531693 0.845894 -7.138231 -0.737274 -0.587888 0.332889 0.858406 0.000000 0.000000 0.000000 1.000000
8 0.973719 -0.071911 -0.216104 0.124313 -0.093021 0.740532 -0.665552 -35.765831 0.207892 0.668163 0.714380 3.144568 0.000000 0.000000 0.000000 1.000000
7 0.975622 0.219440 -0.002835 -0.111785 -0.217888 0.967022 -0.131884 -40.173641 -0.026199 0.129287 0.991261 -5.709243 0.000000 0.000000 0.000000 1.000000
6 0.995825 -0.063345 -0.065730 1.284375 0.066567 0.996625 0.048045 -16.831020 0.062465 -0.052219 0.996680 16.756786 0.000000 0.000000 0.000000 1.000000
4 0.723892 0.636747 -0.265584 -13.025906 -0.401960 0.702121 0.587753 -7.138231 0.560722 -0.318716 0.764206 0.858406 0.000000 0.000000 0.000000 1.000000
3 0.995535 0.094258 -0.005029 -0.124313 -0.074334 0.750038 -0.657204 -35.765831 -0.058175 0.654644 0.753696 3.144568 0.000000 0.000000 0.000000 1.000000
2 0.822959 -0.562796 -0.077454 0.111785 0.567429 0.807684 0.160222 -40.173641 -0.027614 -0.175806 0.984037 -5.709243 0.000000 0.000000 0.000000 1.000000
1 0.999790 0.017374 0.010854 -1.284375 -0.017632 0.999553 0.024153 -16.831020 -0.010430 -0.024339 0.999649 16.756786 0.000000 0.000000 0.000000 1.000000
time 3
40 0.553066 -0.192794 -0.810523 2.361142 0.055335 0.979209 -0.195160 82.614410 0.831297 0.063086 0.552236 -1.044120 0.000000 0.000000 0.000000 1.000000
39 0.999874 -0.007355 0.014060 -0.000000 0.009269 0.989925 -0.141289 14.652452 -0.012879 0.141402 0.989869 0.432472 0.000000 0.000000 0.000000 1.000000
38 0.999804 -0.018267 0.007642 0.000000 0.018184 0.999777 0.010778 10.372511 -0.007837 -0.010637 0.999913 0.047685 0.000000 0.000000 0.000000 1.000000
37 0.999959 -0.003753 0.008194 0.000000 0.003615 0.999852 0.016790 10.084998 -0.008256 -0.016760 0.999825 0.302715 0.000000 0.000000 0.000000 1.000000
36 0.982001 0.037474 0.185123 0.000000 -0.049133 0.997060 0.058795 31.685007 -0.182376 -0.066833 0.980955 0.246449 0.000000 0.000000 0.000000 1.000000
35 0.890410 0.083173 0.447496 -0.000000 -0.129558 0.988806 0.074008 11.408890 -0.436332 -0.123874 0.891218 1.920896 0.000000 0.000000 0.000000 1.000000
33 0.990135 0.035788 -0.135467 10.912857 -0.035639 0.999359 0.003527 26.732725 0.135507 0.001335 0.990776 -2.705630 0.000000 0.000000 0.000000 1.000000
32 0.790974 0.584733 -0.180133 13.894908 -0.440008 0.748186 0.496599 -9.016914 0.425151 -0.313537 0.849082 1.215675 0.000000 0.000000 0.000000 1.000000
31 0.770008 0.323675 -0.549839 32.246170 0.000884 0.861227 0.508219 -0.183667 0.638034 -0.391819 0.662865 -2.285661 0.000000 0.000000 0.000000 1.000000
30 0.937128 0.237899 -0.255333 28.013548 -0.247090 0.968984 -0.004052 0.183364 0.246449 0.066887 0.966845 0.670486 0.000000 0.000000 0.000000 1.000000
29 0.150493 0.979231 -0.135865 18.109711 -0.985145 0.160040 0.062261 -0.000038 0.082711 0.124477 0.988769 0.000050 0.000000 0.000000 0.000000 1.000000
28 0.406789 0.910809 -0.070355 4.183721 -0.913387 0.406845 -0.014192 -0.000026 0.015697 0.070034 0.997421 -0.000005 0.000000 0.000000 0.000000 1.000000
27 0.325194 0.945639 -0.003920 3.830242 -0.945187 0.324904 -0.032529 -0.098050 -0.029487 0.014283 0.999463 0.058395 0.000000 0.000000 0.000000 1.000000
25 0.968272 0.249441 -0.015106 6.273973 -0.249822 0.964712 -0.083184 -3.207020 -0.006177 0.084319 0.996420 3.859405 0.000000 0.000000 0.000000 1.000000
24 0.964068 -0.149778 0.219406 5.060122 0.206547 0.942007 -0.264502 -2.921443 -0.167066 0.300316 0.939095 2.921605 0.000000 0.000000 0.000000 1.000000
23 0.986859 -0.073606 -0.143847 5.809099 -0.094522 0.459060 -0.883363 -3.353832 0.131055 0.885351 0.446070 3.353911 0.000000 0.000000 0.000000 1.000000
21 0.992540 0.086057 -0.086363 -10.912857 -0.079584 0.993943 0.075790 26.732725 0.092362 -0.068351 0.993377 -2.705630 0.000000 0.000000 0.000000 1.000000
20 0.746390 -0.663263 0.054629 -13.894908 0.638263 0.736664 0.223486 -9.016914 -0.188473 -0.131940 0.973175 1.215675 0.000000 0.000000 0.000000 1.000000
19 0.073064 -0.476703 0.876023 -32.219643 0.012704 0.878744 0.477124 -0.171897 -0.997246 -0.023732 0.070261 -2.634137 0.000000 0.000000 0.000000 1.000000
18 0.999117 0.002772 -0.041921 -28.019154 -0.006568 0.995856 -0.090704 0.180876 0.041496 0.090900 0.994995 0.369207 0.000000 0.000000 0.000000 1.000000
17 0.478005 -0.876392 -0.058728 -18.104378 0.878157 0.478255 0.010621 0.000443 0.018779 -0.056650 0.998217 -0.195428 0.000000 0.000000 0.000000 1.000000
16 0.395959 -0.915823 0.066969 -4.916212 0.917807 0.397017 0.002738 0.000190 -0.029095 0.060381 0.997751 -0.053088 0.000000 0.000000 0.000000 1.000000
15 0.514227 -0.857638 -0.005324 -4.301387 0.857331 0.514194 -0.024265 -0.000004 0.023548 0.007913 0.999691 -0.013916 0.000000 0.000000 0.000000 1.000000
13 0.767469 -0.436239 -0.469774 -6.344480 0.194623 0.856737 -0.477623 -3.303541 0.610830 0.275132 0.742421 3.657446 0.000000 0.000000 0.000000 1.000000
12 0.911451 0.353713 0.210105 -4.317011 -0.352695 0.934722 -0.043595 -3.095828 -0.211810 -0.034368 0.976706 3.801934 0.000000 0.000000 0.000000 1.000000
11 0.893985 0.128501 -0.429276 -4.968810 -0.063137 0.984565 0.163237 -4.080473 0.443627 -0.118828 0.888299 3.860468 0.000000 0.000000 0.000000 1.000000
9 0.693647 -0.588238 0.415729 13.025906 -0.047144 0.538837 0.841090 -7.138231 -0.718771 -0.603019 0.346031 0.858406 0.000000 0.000000 0.000000 1.000000
8 0.980038 -0.070501 -0.185888 0.124313 -0.074912 0.735139 -0.673765 -35.765831 0.184155 0.674240 0.715183 3.144568 0.000000 0.000000 0.000000 1.000000
7 0.973790 0.227357 -0.006417 -0.111785 -0.226156 0.964874 -0.133683 -40.173641 -0.024202 0.131631 0.991003 -5.709243 0.000000 0.000000 0.000000 1.000000
6 0.995395 -0.071130 -0.064260 1.284375 0.075352 0.994980 0.065854 -16.831020 0.059253 -0.070393 0.995758 16.756786 0.000000 0.000000 0.000000 1.000000
4 0.709221 0.661705 -0.243213 -13.025906 -0.416553 0.671655 0.612669 -7.138231 0.568761 -0.333206 0.751987 0.858406 0.000000 0.000000 0.000000 1.000000
3 0.995443 0.095309 -0.003071 -0.124313 -0.074150 0.753397 -0.653372 -35.765831 -0.059959 0.650622 0.757031 3.144568 0.000000 0.000000 0.000000 1.000000
2 0.815087 -0.575297 -0.068314 0.111785 0.578709 0.803027 0.142277 -40.173641 -0.026993 -0.155502 0.987467 -5.709243 0.000000 0.000000 0.000000 1.000000
1 0.999790 0.017355 0.010859 -1.284375 -0.017615 0.999549 0.024327 -16.831020 -0.010432 -0.024513 0.999645 16.756786 0.000000 0.000000 0.000000 1.000000
time 4
40 0.538884 -0.212230 -0.815207 3.045938 0.072871 0.975860 -0.205883 82.216492 0.839222 0.051542 0.541340 0.029731 0.000000 0.000000 0.000000 1.000000
39 0.999468 -0.029291 -0.014365 -0.000000 0.026684 0.987307 -0.156567 14.652452 0.018768 0.156101 0.987563 0.432472 0.000000 0.000000 0.000000 1.000000
38 0.999978 -0.006194 -0.002428 0.000000 0.006227 0.999884 0.013876 10.372511 0.002341 -0.013890 0.999901 0.047685 0.000000 0.000000 0.000000 1.000000
37 0.999981 0.005994 -0.001148 -0.000000 -0.005974 0.999849 0.016338 10.084998 0.001246 -0.016330 0.999866 0.302715 0.000000 0.000000 0.000000 1.000000
36 0.980000 0.043680 0.194142 -0.000000 -0.059470 0.995313 0.076260 31.685007 -0.189901 -0.086281 0.978005 0.246449 0.000000 0.000000 0.000000 1.000000
35 0.875793 0.084952 0.475151 -0.000000 -0.141400 0.986359 0.084275 11.408890 -0.461510 -0.140994 0.875859 1.920896 0.000000 0.000000 0.000000 1.000000
33 0.991433 0.024806 -0.128240 10.912857 -0.025929 0.999639 -0.007097 26.732725 0.128018 0.010361 0.991718 -2.705630 0.000000 0.000000 0.000000 1.000000
32 0.839694 0.524959 -0.139040 13.894908 -0.354759 0.724104 0.591456 -9.016914 0.411169 -0.447316 0.794260 1.215675 0.000000 0.000000 0.000000 1.000000
31 0.915253 0.215142 -0.340626 32.246170 -0.011466 0.859045 0.511772 -0.183667 0.402716 -0.464496 0.788710 -2.285661 0.000000 0.000000 0.000000 1.000000
30 0.892188 0.302763 -0.335163 28.013548 -0.313539 0.949299 0.022905 0.183364 0.325105 0.084651 0.941882 0.670486 0.000000 0.000000 0.000000 1.000000
29 0.150493 0.979231 -0.135865 18.109711 -0.985145 0.160040 0.062261 -0.000038 0.082711 0.124477 0.988769 0.000050 0.000000 0.000000 0.000000 1.000000
28 0.406790 0.910809 -0.070354 4.183721 -0.913387 0.406845 -0.014192 -0.000026 0.015697 0.070034 0.997421 -0.000005 0.000000 0.000000 0.000000 1.000000
27 0.325195 0.945639 -0.003920 3.830242 -0.945187 0.324904 -0.032529 -0.098050 -0.029487 0.014283 0.999463 0.058395 0.000000 0.000000 0.000000 1.000000
25 0.968272 0.249441 -0.015106 6.273973 -0.249822 0.964712 -0.083184 -3.207020 -0.006176 0.084319 0.996420 3.859405 0.000000 0.000000 0.000000 1.000000
24 0.964068 -0.149778 0.219407 5.060122 0.206547 0.942007 -0.264502 -2.921443 -0.167066 0.300316 0.939095 2.921605 0.000000 0.000000 0.000000 1.000000
23 0.986859 -0.073606 -0.143848 5.809099 -0.094522 0.459060 -0.883362 -3.353832 0.131055 0.885351 0.446070 3.353911 0.000000 0.000000 0.000000 1.000000
21 0.989552 0.142930 -0.018906 -10.912857 -0.142223 0.989230 0.034591 26.732725 0.023647 -0.031540 0.999223 -2.705630 0.000000 0.000000 0.000000 1.000000
20 0.792745 -0.605563 0.069636 -13.894908 0.572975 0.779273 0.253835 -9.016914 -0.207979 -0.161327 0.964737 1.215675 0.000000 0.000000 0.000000 1.000000
19 0.022305 -0.544912 0.838197 -32.219643 0.004273 0.838450 0.544962 -0.171897 -0.999742 -0.008574 0.021030 -2.634137 0.000000 0.000000 0.000000 1.000000
18 0.995096 -0.005690 -0.098749 -28.019154 -0.000864 0.997806 -0.066201 0.180876 0.098909 0.065961 0.992908 0.369207 0.000000 0.000000 0.000000 1.000000
17 0.478004 -0.876392 -0.058729 -18.104378 0.878157 0.478255 0.010621 0.000443 0.018779 -0.056650 0.998217 -0.195428 0.000000 0.000000 0.000000 1.000000
16 0.395959 -0.915823 0.066969 -4.916212 0.917807 0.397017 0.002738 0.000190 -0.029096 0.060381 0.997751 -0.053088 0.000000 0.000000 0.000000 1.000000
15 0.514227 -0.857638 -0.005324 -4.301387 0.857331 0.514194 -0.024265 -0.000004 0.023548 0.007913 0.999691 -0.013916 0.000000 0.000000 0.000000 1.000000
13 0.767469 -0.436239 -0.469773 -6.344480 0.194623 0.856737 -0.477623 -3.303541 0.610830 0.275132 0.742421 3.657446 0.000000 0.000000 0.000000 1.000000
12 0.911451 0.353713 0.210105 -4.317011 -0.352694 0.934723 -0.043595 -3.095828 -0.211810 -0.034368 0.976706 3.801934 0.000000 0.000000 0.000000 1.000000
11 0.893985 0.128501 -0.429276 -4.968810 -0.063137 0.984565 0.163237 -4.080473 0.443626 -0.118828 0.888299 3.860468 0.000000 0.000000 0.000000 1.000000
9 0.759257 -0.584057 0.287066 13.025906 0.032260 0.474339 0.879751 -7.138231 -0.649991 -0.658696 0.378986 0.858406 0.000000 0.000000 0.000000 1.000000
8 0.990718 -0.057473 -0.123186 0.124313 -0.051894 0.677676 -0.733528 -35.765831 0.125638 0.733112 0.668403 3.144568 0.000000 0.000000 0.000000 1.000000
7 0.964274 0.262301 -0.037075 -0.111785 -0.262311 0.925874 -0.271937 -40.173641 -0.037002 0.271947 0.961601 -5.709243 0.000000 0.000000 0.000000 1.000000
6 0.996802 -0.055529 -0.057471 1.284375 0.066684 0.974283 0.215235 -16.831020 0.044041 -0.218379 0.974870 16.756786 0.000000 0.000000 0.000000 1.000000
4 0.690393 0.688831 -0.221066 -13.025906 -0.433704 0.638673 0.635608 -7.138231 0.579015 -0.342942 0.739684 0.858406 0.000000 0.000000 0.000000 1.000000
3 0.995469 0.094868 0.006464 -0.124313 -0.068143 0.759143 -0.647348 -35.765831 -0.066319 0.643974 0.762168 3.144568 0.000000 0.000000 0.000000 1.000000
2 0.807386 -0.586999 -0.059662 0.111785 0.589467 0.798103 0.124738 -40.173641 -0.025604 -0.135880 0.990394 -5.709243 0.000000 0.000000 0.000000 1.000000
1 0.999791 0.017336 0.010862 -1.284375 -0.017598 0.999545 0.024501 -16.831020 -0.010433 -0.024687 0.999641 16.756786 0.000000 0.000000 0.000000 1.000000
time 5
40 0.518957 -0.228156 -0.823789 3.651713 0.087890 0.972855 -0.214074 81.855774 0.850270 0.038692 0.524923 1.389893 0.000000 0.000000 0.000000 1.000000
39 0.997879 -0.048100 -0.043857 0.000000 0.040017 0.984723 -0.169469 14.652452 0.051338 0.167355 0.984559 0.432472 0.000000 0.000000 0.000000 1.000000
38 0.999909 0.004910 -0.012592 0.000000 -0.004701 0.999851 0.016631 10.372511 0.012672 -0.016570 0.999782 0.047685 0.000000 0.000000 0.000000 1.000000
37 0.999859 0.012673 -0.011049 -0.000000 -0.012489 0.999785 0.016579 10.084998 0.011256 -0.016439 0.999802 0.302715 0.000000 0.000000 0.000000 1.000000
36 0.977803 0.050029 0.203464 0.000000 -0.070742 0.992880 0.095837 31.685007 -0.197221 -0.108103 0.974381 0.246449 0.000000 0.000000 0.000000 1.000000
35 0.859366 0.086417 0.504007 -0.000000 -0.155479 0.983111 0.096537 11.408890 -0.487152 -0.161323 0.858288 1.920896 0.000000 0.000000 0.000000 1.000000
33 0.991342 0.014062 -0.130553 10.912857 -0.016150 0.999758 -0.014952 26.732725 0.130311 0.016931 0.991329 -2.705630 0.000000 0.000000 0.000000 1.000000
32 0.881090 0.460845 -0.106313 13.894908 -0.295039 0.711268 0.638005 -9.016914 0.369638 -0.530773 0.762658 1.215675 0.000000 0.000000 0.000000 1.000000
31 0.986922 0.098023 -0.127973 32.246170 -0.024433 0.875665 0.482300 -0.183667 0.159338 -0.472866 0.866608 -2.285661 0.000000 0.000000 0.000000 1.000000
30 0.862718 0.327040 -0.385698 28.013548 -0.337756 0.940304 0.041818 0.183364 0.376349 0.094194 0.921677 0.670486 0.000000 0.000000 0.000000 1.000000
29 0.150492 0.979231 -0.135865 18.109711 -0.985145 0.160040 0.062260 -0.000038 0.082711 0.124477 0.988769 0.000050 0.000000 0.000000 0.000000 1.000000
28 0.406790 0.910809 -0.070355 4.183721 -0.913387 0.406845 -0.014192 -0.000026 0.015697 0.070034 0.997421 -0.000005 0.000000 0.000000 0.000000 1.000000
27 0.325194 0.945639 -0.003920 3.830242 -0.945187 0.324904 -0.032529 -0.098050 -0.029487 0.014283 0.999463 0.058395 0.000000 0.000000 0.000000 1.000000
25 0.968272 0.249442 -0.015106 6.273973 -0.249822 0.964712 -0.083184 -3.207020 -0.006176 0.084319 0.996420 3.859405 0.000000 0.000000 0.000000 1.000000
24 0.964068 -0.149778 0.219407 5.060122 0.206547 0.942007 -0.264502 -2.921443 -0.167066 0.300316 0.939095 2.921605 0.000000 0.000000 0.000000 1.000000
23 0.986859 -0.073606 -0.143848 5.809099 -0.094522 0.459060 -0.883362 -3.353832 0.131055 0.885351 0.446070 3.353911 0.000000 0.000000 0.000000 1.000000
21 0.975784 0.215932 0.034915 -10.912857 -0.215589 0.976393 -0.013354 26.732725 -0.036974 0.005504 0.999301 -2.705630 0.000000 0.000000 0.000000 1.000000
20 0.831599 -0.551353 0.066734 -13.894908 0.507695 0.803405 0.311106 -9.016914 -0.225143 -0.224835 0.948029 1.215675 0.000000 0.000000 0.000000 1.000000
19 -0.019443 -0.585001 0.810800 -32.219643 -0.006366 0.811009 0.584999 -0.171897 -0.999791 0.006212 -0.019493 -2.634137 0.000000 0.000000 0.000000 1.000000
18 0.991313 -0.040627 -0.125095 -28.019154 0.035557 0.998463 -0.042502 0.180876 0.126630 0.037684 0.991234 0.369207 0.000000 0.000000 0.000000 1.000000
17 0.478004 -0.876392 -0.058728 -18.104378 0.878157 0.478255 0.010621 0.000443 0.018779 -0.056650 0.998217 -0.195428 0.000000 0.000000 0.000000 1.000000
16 0.395959 -0.915823 0.066969 -4.916212 0.917807 0.397017 0.002738 0.000190 -0.029095 0.060381 0.997751 -0.053088 0.000000 0.000000 0.000000 1.000000
15 0.514227 -0.857638 -0.005323 -4.301387 0.857331 0.514194 -0.024264 -0.000004 0.023547 0.007913 0.999691 -0.013916 0.000000 0.000000 0.000000 1.000000
13 0.767469 -0.436239 -0.469774 -6.344480 0.194624 0.856737 -0.477622 -3.303541 0.610830 0.275131 0.742421 3.657446 0.000000 0.000000 0.000000 1.000000
12 0.911451 0.353713 0.210105 -4.317011 -0.352695 0.934722 -0.043595 -3.095828 -0.211810 -0.034368 0.976706 3.801934 0.000000 0.000000 0.000000 1.000000
11 0.893985 0.128501 -0.429276 -4.968810 -0.063137 0.984565 0.163237 -4.080473 0.443626 -0.118828 0.888299 3.860468 0.000000 0.000000 0.000000 1.000000
9 0.792920 -0.576547 0.197159 13.025906 0.101603 0.444143 0.890176 -7.138231 -0.600795 -0.685807 0.410749 0.858406 0.000000 0.000000 0.000000 1.000000
8 0.992597 -0.038050 -0.115343 0.124313 -0.063246 0.648821 -0.758308 -35.765831 0.103691 0.759989 0.641611 3.144568 0.000000 0.000000 0.000000 1.000000
7 0.951292 0.304587 -0.047653 -0.111785 -0.302851 0.894354 -0.329259 -40.173641 -0.057669 0.327654 0.943036 -5.709243 0.000000 0.000000 0.000000 1.000000
6 0.998887 0.037750 -0.028283 1.284375 -0.031543 0.980392 0.194517 -16.831020 0.035071 -0.193408 0.980491 16.756786 0.000000 0.000000 0.000000 1.000000
4 0.669731 0.714298 -0.203073 -13.025906 -0.450506 0.608201 0.653556 -7.138231 0.590343 -0.346221 0.729127 0.858406 0.000000 0.000000 0.000000 1.000000
3 0.995478 0.091522 0.025448 -0.124313 -0.054969 0.773473 -0.631441 -35.765831 -0.077474 0.627187 0.775006 3.144568 0.000000 0.000000 0.000000 1.000000
2 0.800796 -0.596797 -0.050581 0.111785 0.598579 0.794538 0.102045 -40.173641 -0.020711 -0.111994 0.993493 -5.709243 0.000000 0.000000 0.000000 1.000000
1 0.999791 0.017319 0.010866 -1.284375 -0.017582 0.999541 0.024666 -16.831020 -0.010433 -0.024851 0.999637 16.756786 0.000000 0.000000 0.000000 1.000000
time 6
40 0.487764 -0.237178 -0.840139 3.907516 0.096489 0.971136 -0.218140 81.331093 0.867627 0.025337 0.496570 3.525074 0.000000 0.000000 0.000000 1.000000
39 0.995477 -0.063321 -0.070821 -0.000000 0.050424 0.983981 -0.170995 14.652452 0.080514 0.166651 0.982723 0.432472 0.000000 0.000000 0.000000 1.000000
38 0.999681 0.013069 -0.021605 0.000000 -0.012675 0.999753 0.018254 10.372511 0.021838 -0.017975 0.999600 0.047685 0.000000 0.000000 0.000000 1.000000
37 0.999656 0.015968 -0.020805 0.000000 -0.015591 0.999714 0.018130 10.084998 0.021088 -0.017799 0.999619 0.302715 0.000000 0.000000 0.000000 1.000000
36 0.975656 0.055793 0.212091 0.000000 -0.081895 0.989826 0.116349 31.685007 -0.203442 -0.130886 0.970299 0.246449 0.000000 0.000000 0.000000 1.000000
35 0.842677 0.087201 0.531310 -0.000000 -0.171060 0.979031 0.110623 11.408890 -0.510523 -0.184105 0.839924 1.920896 0.000000 0.000000 0.000000 1.000000
33 0.989180 0.007656 -0.146505 10.912857 -0.010451 0.999778 -0.018316 26.732725 0.146332 0.019649 0.989040 -2.705630 0.000000 0.000000 0.000000 1.000000
32 0.920534 0.390236 0.018239 13.894908 -0.327861 0.746327 0.579227 -9.016914 0.212423 -0.539178 0.814963 1.215675 0.000000 0.000000 0.000000 1.000000
31 0.991058 0.105199 -0.082084 32.246170 -0.040204 0.822000 0.568067 -0.183667 0.127233 -0.559687 0.818879 -2.285661 0.000000 0.000000 0.000000 1.000000
30 0.876730 0.304486 -0.372334 28.013548 -0.314896 0.948510 0.034189 0.183364 0.363573 0.087272 0.927469 0.670486 0.000000 0.000000 0.000000 1.000000
29 0.150493 0.979231 -0.135865 18.109711 -0.985145 0.160040 0.062260 -0.000038 0.082711 0.124477 0.988769 0.000050 0.000000 0.000000 0.000000 1.000000
28 0.406789 0.910809 -0.070355 4.183721 -0.913387 0.406845 -0.014192 -0.000026 0.015697 0.070034 0.997421 -0.000005 0.000000 0.000000 0.000000 1.000000
27 0.325194 0.945639 -0.003920 3.830242 -0.945187 0.324904 -0.032529 -0.098050 -0.029487 0.014283 0.999463 0.058395 0.000000 0.000000 0.000000 1.000000
25 0.968272 0.249442 -0.015106 6.273973 -0.249822 0.964712 -0.083184 -3.207020 -0.006176 0.084319 0.996420 3.859405 0.000000 0.000000 0.000000 1.000000
24 0.964068 -0.149778 0.219407 5.060122 0.206547 0.942007 -0.264502 -2.921443 -0.167066 0.300316 0.939095 2.921605 0.000000 0.000000 0.000000 1.000000
23 0.986859 -0.073606 -0.143848 5.809099 -0.094522 0.459060 -0.883362 -3.353832 0.131055 0.885351 0.446070 3.353911 0.000000 0.000000 0.000000 1.000000
21 0.946834 0.313911 0.070458 -10.912857 -0.310476 0.948953 -0.055608 26.732725 -0.084318 0.030776 0.995964 -2.705630 0.000000 0.000000 0.000000 1.000000
20 0.855752 -0.516100 -0.036465 -13.894908 0.477117 0.759923 0.441448 -9.016914 -0.200121 -0.395168 0.896545 1.215675 0.000000 0.000000 0.000000 1.000000
19 -0.055373 -0.550075 0.833277 -32.219643 -0.017963 0.834972 0.550000 -0.171897 -0.998304 0.015487 -0.056116 -2.634137 0.000000 0.000000 0.000000 1.000000
18 0.987293 -0.078305 -0.138275 -28.019154 0.075946 0.996863 -0.022267 0.180876 0.139585 0.011483 0.990144 0.369207 0.000000 0.000000 0.000000 1.000000
17 0.478005 -0.876392 -0.058729 -18.104378 0.878156 0.478256 0.010621 0.000443 0.018779 -0.056650 0.998217 -0.195428 0.000000 0.000000 0.000000 1.000000
16 0.395959 -0.915823 0.066970 -4.916212 0.917807 0.397017 0.002738 0.000190 -0.029095 0.060381 0.997751 -0.053088 0.000000 0.000000 0.000000 1.000000
15 0.514227 -0.857638 -0.005324 -4.301387 0.857331 0.514194 -0.024264 -0.000004 0.023548 0.007913 0.999691 -0.013916 0.000000 0.000000 0.000000 1.000000
13 0.767469 -0.436239 -0.469774 -6.344480 0.194623 0.856737 -0.477623 -3.303541 0.610830 0.275132 0.742421 3.657446 0.000000 0.000000 0.000000 1.000000
12 0.911451 0.353713 0.210105 -4.317011 -0.352694 0.934722 -0.043595 -3.095828 -0.211810 -0.034368 0.976706 3.801934 0.000000 0.000000 0.000000 1.000000
11 0.893985 0.128501 -0.429276 -4.968810 -0.063137 0.984565 0.163237 -4.080473 0.443626 -0.118828 0.888299 3.860468 0.000000 0.000000 0.000000 1.000000
9 0.790771 -0.600122 0.120562 13.025906 0.188339 0.425949 0.884927 -7.138231 -0.582417 -0.677068 0.449854 0.858406 0.000000 0.000000 0.000000 1.000000
8 0.989662 -0.004112 -0.143360 0.124313 -0.109744 0.621817 -0.775435 -35.765831 0.092333 0.783152 0.614938 3.144568 0.000000 0.000000 0.000000 1.000000
7 0.926932 0.373136 -0.039576 -0.111785 -0.368142 0.883953 -0.288266 -40.173641 -0.072579 0.281773 0.956732 -5.709243 0.000000 0.000000 0.000000 1.000000
6 0.999718 0.009849 -0.021588 1.284375 -0.007728 0.995332 0.096198 -16.831020 0.022435 -0.096004 0.995128 16.756786 0.000000 0.000000 0.000000 1.000000
4 0.646056 0.738579 -0.192646 -13.025906 -0.469278 0.583395 0.662895 -7.138231 0.601989 -0.337862 0.723504 0.858406 0.000000 0.000000 0.000000 1.000000
3 0.994509 0.083435 0.063170 -0.124313 -0.029064 0.800081 -0.599187 -35.765831 -0.100534 0.594061 0.798113 3.144568 0.000000 0.000000 0.000000 1.000000
2 0.793111 -0.607563 -0.042921 0.111785 0.608979 0.789742 0.073843 -40.173641 -0.010968 -0.084703 0.996346 -5.709243 0.000000 0.000000 0.000000 1.000000
1 0.999791 0.017303 0.010869 -1.284375 -0.017569 0.999538 0.024810 -16.831020 -0.010435 -0.024995 0.999633 16.756786 0.000000 0.000000 0.000000 1.000000
time 7
40 0.462402 -0.261393 -0.847265 3.893188 0.107504 0.965036 -0.239056 80.923935 0.880129 0.019456 0.474336 5.987855 0.000000 0.000000 0.000000 1.000000
39 0.992205 -0.075448 -0.099182 0.000000 0.059878 0.986637 -0.151531 14.652452 0.109290 0.144411 0.983464 0.432472 0.000000 0.000000 0.000000 1.000000
38 0.999397 0.016308 -0.030652 0.000000 -0.015658 0.999649 0.021349 10.372511 0.030989 -0.020856 0.999302 0.047685 0.000000 0.000000 0.000000 1.000000
37 0.999373 0.018704 -0.030049 -0.000000 -0.018073 0.999613 0.021159 10.084998 0.030433 -0.020602 0.999324 0.302715 0.000000 0.000000 0.000000 1.000000
36 0.973854 0.060243 0.219041 -0.000000 -0.091764 0.986352 0.136708 31.685007 -0.207816 -0.153234 0.966091 0.246449 0.000000 0.000000 0.000000 1.000000
35 0.827617 0.086937 0.554520 -0.000000 -0.187171 0.974132 0.126628 11.408890 -0.529166 -0.208589 0.822480 1.920896 0.000000 0.000000 0.000000 1.000000
33 0.986314 0.003560 -0.164841 10.912857 -0.006949 0.999776 -0.019985 26.732725 0.164733 0.020857 0.986118 -2.705630 0.000000 0.000000 0.000000 1.000000
32 0.928284 0.345012 0.138767 13.894908 -0.366521 0.785758 0.498244 -9.016914 0.062863 -0.513372 0.855860 1.215675 0.000000 0.000000 0.000000 1.000000
31 0.996437 0.083643 -0.010851 32.246170 -0.054888 0.740737 0.669549 -0.183667 0.064041 -0.666568 0.742688 -2.285661 0.000000 0.000000 0.000000 1.000000
30 0.876720 0.289290 -0.384283 28.013548 -0.300523 0.953238 0.031976 0.183364 0.375564 0.087452 0.922661 0.670486 0.000000 0.000000 0.000000 1.000000
29 0.150493 0.979231 -0.135865 18.109711 -0.985145 0.160040 0.062260 -0.000038 0.082711 0.124477 0.988769 0.000050 0.000000 0.000000 0.000000 1.000000
28 0.406789 0.910809 -0.070355 4.183721 -0.913387 0.406845 -0.014192 -0.000026 0.015697 0.070034 0.997421 -0.000005 0.000000 0.000000 0.000000 1.000000
27 0.325194 0.945639 -0.003920 3.830242 -0.945187 0.324904 -0.032529 -0.098050 -0.029487 0.014283 0.999463 0.058395 0.000000 0.000000 0.000000 1.000000
25 0.968272 0.249442 -0.015107 6.273973 -0.249822 0.964712 -0.083184 -3.207020 -0.006176 0.084319 0.996420 3.859405 0.000000 0.000000 0.000000 1.000000
24 0.964068 -0.149778 0.219407 5.060122 0.206547 0.942007 -0.264502 -2.921443 -0.167066 0.300316 0.939095 2.921605 0.000000 0.000000 0.000000 1.000000
23 0.986859 -0.073606 -0.143848 5.809099 -0.094522 0.459060 -0.883362 -3.353832 0.131055 0.885351 0.446070 3.353911 0.000000 0.000000 0.000000 1.000000
21 0.915197 0.399344 0.054205 -10.912857 -0.395367 0.915755 -0.071255 26.732725 -0.078094 0.043782 0.995984 -2.705630 0.000000 0.000000 0.000000 1.000000
20 0.886984 -0.442411 -0.132410 -13.894908 0.425463 0.671391 0.606808 -9.016914 -0.179559 -0.594564 0.783742 1.215675 0.000000 0.000000 0.000000 1.000000
19 -0.064442 -0.474575 0.877853 -32.219643 -0.027714 0.880193 0.473805 -0.171897 -0.997537 0.006204 -0.069874 -2.634137 0.000000 0.000000 0.000000 1.000000
18 0.986658 -0.081843 -0.140738 -28.019154 0.081849 0.996628 -0.005756 0.180876 0.140734 -0.005840 0.990030 0.369207 0.000000 0.000000 0.000000 1.000000
17 0.478005 -0.876392 -0.058728 -18.104378 0.878156 0.478256 0.010621 0.000443 0.018779 -0.056650 0.998217 -0.195428 0.000000 0.000000 0.000000 1.000000
