joints
35 Mutant_Hips -1 0.999436 -0.002823 0.033460 0.076644 0.003956 0.999420 -0.033836 90.839966 -0.033345 0.033950 0.998867 -0.185660 0.000000 0.000000 0.000000 1.000000
34 Mutant_Spine 35 0.999733 0.004826 -0.022601 -0.000000 -0.007228 0.994189 -0.107404 10.763858 0.021951 0.107539 0.993958 1.243517 0.000000 0.000000 0.000000 1.000000
33 Mutant_Spine1 34 0.998877 -0.021488 -0.042215 -0.018927 0.019647 0.998858 -0.043549 13.061344 0.043103 0.042670 0.998159 0.227481 0.000000 0.000000 0.000000 1.000000
32 Mutant_Spine2 33 0.998867 -0.023401 -0.041444 -0.021630 0.021613 0.998838 -0.043085 12.988213 0.042404 0.042141 0.998211 -0.916687 0.000000 0.000000 0.000000 1.000000
31 Mutant_Neck 32 0.999301 0.004142 0.037153 -0.011927 -0.004454 0.999956 0.008316 24.670660 -0.037116 -0.008475 0.999275 2.028101 0.000000 0.000000 0.000000 1.000000
30 Mutant_Head 31 0.999296 0.003778 0.037328 -0.000000 -0.004081 0.999959 0.008039 8.817325 -0.037296 -0.008186 0.999271 6.102616 0.000000 0.000000 0.000000 1.000000
29 Mutant_LeftShoulder 32 0.956289 0.245192 -0.159351 9.553568 -0.249310 0.968405 -0.006071 16.065386 0.152827 0.045534 0.987203 -5.227832 0.000000 0.000000 0.000000 1.000000
28 Mutant_LeftArm 29 0.464817 0.768269 -0.440123 17.892990 -0.874807 0.475180 -0.094425 2.066080 0.136594 0.428913 0.892959 -0.922929 0.000000 0.000000 0.000000 1.000000
27 Mutant_LeftForeArm 28 0.990522 0.000019 -0.137356 26.374767 -0.000019 1.000000 0.000001 -0.000102 0.137356 0.000002 0.990522 -1.459064 0.000000 0.000000 0.000000 1.000000
26 Mutant_LeftHand 27 1.000000 0.000000 -0.000000 26.753433 0.000000 1.000000 0.000000 0.000357 -0.000000 0.000000 1.000000 0.000016 0.000000 0.000000 0.000000 1.000000
25 Mutant_RightShoulder 32 0.960104 -0.270186 0.072110 -9.553568 0.271548 0.962377 -0.009617 16.065386 -0.066799 0.028815 0.997350 -5.227832 0.000000 0.000000 0.000000 1.000000
24 Mutant_RightArm 25 0.544492 -0.668121 0.507092 -17.811876 0.774026 0.633147 0.003093 2.066080 -0.323130 0.390818 0.861886 -0.922929 0.000000 0.000000 0.000000 1.000000
23 Mutant_RightForeArm 24 0.939500 -0.000018 0.342550 -26.374767 0.000019 1.000000 0.000002 -0.000102 -0.342550 0.000005 0.939500 -1.459064 0.000000 0.000000 0.000000 1.000000
22 Mutant_RightHand 23 0.901810 -0.172983 -0.396000 -26.753433 0.134127 0.983172 -0.124028 0.000357 0.410791 0.058735 0.909836 0.000016 0.000000 0.000000 0.000000 1.000000
21 Mutant_RightHandThumb1 22 0.987139 0.139655 0.077806 -2.492348 -0.132033 0.986609 -0.095756 -4.446348 -0.090137 0.084252 0.992359 6.163476 0.000000 0.000000 0.000000 1.000000
20 Mutant_RightHandThumb2 21 0.991651 0.065002 -0.111372 -6.602643 -0.066889 0.997672 -0.013290 -4.314004 0.110249 0.020629 0.993690 6.890449 0.000000 0.000000 0.000000 1.000000
19 Mutant_RightHandThumb3 20 0.985468 0.075662 0.152081 -6.784767 -0.114264 0.957752 0.263922 -2.966900 -0.125687 -0.277463 0.952479 4.170527 0.000000 0.000000 0.000000 1.000000
18 Mutant_RightHandThumb4 19 1.000000 -0.000000 0.000000 -7.130654 0.000000 1.000000 0.000000 -2.033751 0.000000 0.000000 1.000000 3.069635 0.000000 0.000000 0.000000 1.000000
17 Mutant_RightHandIndex1 22 0.818345 -0.249440 0.517775 -18.447754 0.275614 0.960881 0.027298 1.479890 -0.504329 0.120366 0.855081 8.654249 0.000000 0.000000 0.000000 1.000000
16 Mutant_RightHandIndex2 17 0.914871 -0.403704 0.005880 -7.514380 0.403704 0.914889 0.001239 0.000000 -0.005880 0.001240 0.999982 -0.000000 0.000000 0.000000 0.000000 1.000000
15 Mutant_RightHandIndex3 16 0.995309 -0.092746 -0.027544 -7.489388 0.092672 0.995689 -0.003955 0.000000 0.027792 0.001384 0.999613 0.000000 0.000000 0.000000 0.000000 1.000000
14 Mutant_RightHandIndex4 15 1.000000 0.000000 0.000000 -6.738798 -0.000000 1.000000 0.000000 -0.612453 0.000000 0.000000 1.000000 0.206174 0.000000 0.000000 0.000000 1.000000
13 Mutant_RightHandPinky1 22 0.822750 -0.390494 0.413034 -17.507765 0.428067 0.903745 0.001729 -0.477745 -0.373953 0.175383 0.910714 -10.003080 0.000000 0.000000 0.000000 1.000000
12 Mutant_RightHandPinky2 13 0.877214 -0.480049 0.006991 -7.044222 0.480049 0.877240 0.001788 0.000000 -0.006991 0.001788 0.999974 -0.000000 0.000000 0.000000 0.000000 1.000000
11 Mutant_RightHandPinky3 12 0.961598 -0.274432 0.003997 -7.078903 0.274432 0.961606 0.000559 0.000000 -0.003997 0.000559 0.999992 -0.000000 0.000000 0.000000 0.000000 1.000000
10 Mutant_RightHandPinky4 11 1.000000 -0.000000 0.000000 -7.092958 0.000000 1.000000 0.000000 0.000000 -0.000000 -0.000000 1.000000 -0.000000 0.000000 0.000000 0.000000 1.000000
9 Mutant_LeftUpLeg 35 0.983743 -0.081892 0.159822 13.655973 -0.004800 0.877661 0.479258 -7.135242 -0.179517 -0.472234 0.863000 0.129696 0.000000 0.000000 0.000000 1.000000
8 Mutant_LeftLeg 9 0.996561 0.009517 -0.082309 0.000027 -0.074178 0.545098 -0.835084 -35.919125 0.036919 0.838318 0.543930 1.481440 0.000000 0.000000 0.000000 1.000000
7 Mutant_LeftFoot 8 0.999557 0.029755 0.001185 0.000000 -0.029736 0.999458 -0.014144 -34.307396 -0.001605 0.014102 0.999899 -2.646744 0.000000 0.000000 0.000000 1.000000
6 Mutant_LeftToeBase 7 0.997173 -0.073725 -0.014529 0.000000 0.074374 0.940749 0.330848 -15.193100 -0.010724 -0.330993 0.943572 14.911814 0.000000 0.000000 0.000000 1.000000
5 Mutant_LeftToe_End 6 1.000000 0.000000 0.000000 0.000000 0.000000 1.000000 0.000000 -0.000000 0.000000 0.000000 1.000000 16.883820 0.000000 0.000000 0.000000 1.000000
4 Mutant_RightUpLeg 35 0.991367 -0.028111 -0.128071 -13.655973 0.054411 0.976877 0.206762 -7.135242 0.119297 -0.211945 0.969973 0.129696 0.000000 0.000000 0.000000 1.000000
3 Mutant_RightLeg 4 0.996617 0.067328 0.047131 -0.000027 -0.046666 0.935650 -0.349830 -35.919125 -0.067651 0.346448 0.935627 1.481440 0.000000 0.000000 0.000000 1.000000
2 Mutant_RightFoot 3 0.999994 -0.003535 -0.000015 -0.000000 0.003470 0.980844 0.194762 -34.307396 -0.000674 -0.194761 0.980851 -2.646744 0.000000 0.000000 0.000000 1.000000
1 Mutant_RightToeBase 2 1.000000 0.000000 0.000000 -0.000000 -0.000000 0.996237 0.086665 -15.193100 -0.000000 -0.086665 0.996237 14.911814 0.000000 0.000000 0.000000 1.000000
0 Mutant_RightToe_End 1 1.000000 0.000000 0.000000 0.000000 0.000000 1.000000 -0.000000 0.000000 0.000000 0.000000 1.000000 16.883820 0.000000 0.000000 0.000000 1.000000
weights 17553
0 33 0.629531
0 32 0.34621
0 34 0.024259
1 33 0.658545
1 32 0.288616
1 34 0.052839
2 33 0.671756
2 32 0.240801
2 34 0.087443
3 33 0.634137
3 34 0.1974
3 32 0.168463
4 33 0.6311943688056312
4 32 0.19714480285519714
4 34 0.17166082833917168
5 33 0.623672
5 34 0.250076
5 32 0.126252
6 33 0.612433
6 34 0.243189
6 32 0.144378
7 33 0.642869
7 32 0.251721
7 34 0.10541
8 33 0.6170490000000001
8 32 0.27854600000000007
8 34 0.10440500000000001
9 33 0.4826721231226181
9 32 0.2758616400616731
9 34 0.24146623681570878
10 33 0.48630488479510636
10 32 0.2907530060212906
10 34 0.22294210918360313
11 33 0.581201
11 34 0.336323
11 32 0.082476
12 33 0.5912305912305912
12 34 0.3036803036803037
12 32 0.10508910508910509
13 33 0.4600197461679376
13 34 0.31115617997356604
13 32 0.22882407385849637
14 33 0.46662779366019363
14 34 0.30383957754178637
14 32 0.22953262879802
15 33 0.4774433928093981
15 32 0.29900438124177314
15 34 0.22355222594882887
16 33 0.49155316316586717
16 32 0.2963453941341488
16 34 0.21210144269998393
17 33 0.4070476560273847
17 32 0.3176342853154463
17 29 0.27531805865716885
18 33 0.4476326444516471
18 32 0.30514217509633534
18 25 0.24722518045201752
19 33 0.47140894773703695
19 32 0.2711128513793381
19 29 0.257478200883625
20 33 0.5104453311188051
20 32 0.2526408896494031
20 34 0.23691377923179172
21 29 0.37334810402550395
21 33 0.33096025341015906
21 32 0.29569164256433705
22 25 0.3982607355806216
22 33 0.3680848579271791
22 32 0.2336544064921993
23 29 0.3854177264413501
23 32 0.3134581776171065
23 33 0.3011240959415434
24 25 0.38557665650631745
24 33 0.32938806023646033
24 32 0.28503528325722216
25 32 0.3485733618414254
25 29 0.33272673413443765
25 28 0.318699904024137
26 25 0.42605451234190217
26 24 0.34450682661013493
26 32 0.22943866104796293
27 28 0.3738019864790064
27 29 0.3383166342220868
27 32 0.2878813792989068
28 25 0.40300802590108115
28 24 0.3841328320722313
28 33 0.21285914202668751
29 28 0.36666307090097344
29 29 0.3256628125075783
29 32 0.3076741165914483
30 24 0.55821
30 25 0.436585
30 32 0.005205
31 28 0.46404700331703425
31 29 0.32064480045186977
31 32 0.21530819623109596
32 24 0.671429
32 25 0.328571
32 24 0.0
33 28 0.526944723413621
33 29 0.29959860384824455
33 32 0.17345667273813445
34 24 0.733591
34 25 0.266409
34 24 0.0
35 28 0.40271149045755
35 29 0.33099586460694047
35 32 0.26629264493550947
36 24 0.5944624055375944
36 25 0.40329659670340334
36 32 0.002240997759002241
37 28 0.7827842172157828
37 29 0.21514678485321517
37 27 0.002068997931002069
38 24 0.761819
38 25 0.238181
38 24 0.0
39 28 0.710974
39 29 0.283009
39 32 0.006017
40 24 0.714977
40 25 0.281944
40 23 0.003079
41 29 0.530112
41 28 0.407258
41 32 0.06263
42 25 0.4656695343304657
42 24 0.45758454241545765
42 32 0.07674592325407675
43 28 0.5415135415135416
43 29 0.43187443187443186
43 32 0.026612026612026614
44 24 0.583912
44 25 0.400462
44 32 0.015626
45 29 0.510654
45 28 0.424346
45 32 0.065
46 24 0.506275
46 25 0.436596
46 32 0.057129
47 29 0.582563
47 28 0.26638
47 32 0.151057
48 25 0.5005005005005004
48 24 0.2695952695952696
48 32 0.2299042299042299
49 29 0.5193890000000001
49 32 0.38725600000000004
49 28 0.09335500000000001
50 25 0.4244836948995653
50 32 0.36235439997624147
50 24 0.21316190512419314
51 29 0.62772
51 32 0.204759
51 28 0.167521
52 25 0.628169
52 32 0.191137
52 24 0.180694
53 32 0.632629
53 33 0.363203
53 34 0.004168
54 32 0.6417370000000001
54 33 0.35571600000000003
54 34 0.0025470000000000002
55 32 0.4957632181069216
55 33 0.3283977836209225
55 29 0.17583899827215604
56 32 0.5012076690152641
56 33 0.33118362241972954
56 34 0.16760870856500623
57 32 0.4997279181364095
57 33 0.28868035956202504
57 29 0.2115917223015655
58 32 0.7034877034877035
58 33 0.2647872647872648
58 25 0.03172503172503173
59 32 0.47580118467239013
59 29 0.27601305800161907
59 33 0.24818575732599077
60 32 0.4982256983777384
60 33 0.27314930274904076
60 25 0.22862499887322082
61 32 0.45549937136091206
61 29 0.32665582315100766
61 33 0.21784480548808027
62 32 0.4702515098849753
62 25 0.28693600957230525
62 33 0.2428124805427194
63 32 0.4151360634237286
63 29 0.39280155487217383
63 33 0.19206238170409753
64 32 0.4377808303190358
64 25 0.35593274257272906
64 33 0.2062864271082352
65 32 0.488538
65 29 0.469971
65 28 0.041491
66 32 0.529055
66 25 0.421498
66 24 0.049447
67 29 0.6364833635166365
67 32 0.3014196985803014
67 28 0.06209693790306209
68 25 0.487972
68 32 0.428596
68 24 0.083432
69 32 0.68686
69 33 0.31314
69 32 0.0
70 32 0.74742
70 33 0.25258
70 32 0.0
71 32 0.771828
71 33 0.228172
71 32 0.0
72 32 0.793328
72 33 0.206672
72 32 0.0
73 32 0.793328
73 33 0.206672
73 32 0.0
74 32 0.861033
74 33 0.132546
74 29 0.006421
75 32 0.866347
75 33 0.133653
75 32 0.0
76 32 0.857626
76 29 0.116252
76 33 0.026122
77 32 0.974755
77 33 0.025245
77 32 0.0
78 32 0.826754
78 29 0.15351
78 33 0.019736
79 32 0.931274
79 25 0.047469
79 33 0.021257
80 32 0.715532
80 29 0.282924
80 28 0.001544
81 32 0.5825457820995337
81 25 0.2499625372916648
81 24 0.16749168060880154
82 32 0.661324
82 29 0.335941
82 28 0.002735
83 32 0.5218639313595789
83 25 0.3045284394211233
83 24 0.1736076292192978
84 32 0.577369
84 29 0.412657
84 28 0.009974
85 32 0.691858
85 25 0.293148
85 24 0.014994
86 29 0.575419
86 32 0.327704
86 28 0.096877
87 25 0.5804630000000001
87 32 0.31589100000000003
87 24 0.10364600000000002
88 29 0.525788
88 32 0.398037
88 28 0.076175
89 25 0.529779
89 32 0.390888
89 24 0.079333
90 29 0.513496
90 32 0.413267
90 28 0.073237
91 25 0.508554
91 32 0.416873
91 24 0.074573
92 32 0.651997
92 29 0.323066
92 28 0.024937
93 32 0.641318
93 25 0.316028
93 24 0.042654
94 32 0.809337
94 29 0.190663
94 32 0.0
95 32 0.814607
95 25 0.185393
95 32 0.0
96 32 0.678966
96 29 0.30916
96 28 0.011874
97 32 0.670577
97 25 0.315441
97 24 0.013982
98 32 0.493972
98 29 0.458421
98 28 0.047607
99 32 0.480294
99 25 0.468055
99 24 0.051651
100 29 0.508519
100 32 0.431204
100 28 0.060277
101 25 0.520345
101 32 0.41313
101 24 0.066525
102 29 0.502091
102 32 0.484543
102 28 0.013366
103 25 0.495823
103 32 0.488736
103 24 0.015441
104 32 0.5046343470402789
104 29 0.32659480734950086
104 31 0.16877084561022024
105 32 0.5315124204501236
105 25 0.29967288839795647
105 31 0.16881469115191988
106 32 0.7243327243327242
106 29 0.2745582745582746
106 31 0.0011090011090011088
107 32 0.923099
107 25 0.075611
107 31 0.00129
108 32 0.835879
108 29 0.164121
108 32 0.0
109 32 0.9833899833899834
109 25 0.016610016610016612
109 32 0.0
110 32 0.906765
110 29 0.091845
110 31 0.00139
111 32 0.998492
111 31 0.001508
111 32 0.0
112 32 0.992794
112 29 0.007206
112 32 0.0
113 32 1.0
113 32 0.0
113 32 0.0
114 32 0.895063
114 33 0.100927
114 31 0.00401
115 32 0.8949228949228949
115 33 0.10106310106310107
115 31 0.004014004014004014
116 32 0.8026801973198028
116 33 0.19045680954319047
116 31 0.006862993137006864
117 32 0.80248
117 33 0.190682
117 31 0.006838
118 32 0.82721
118 33 0.17279
118 32 0.0
119 28 0.3846257635354815
119 29 0.3337260732131339
119 32 0.2816481632513846
120 24 0.556558
120 25 0.433203
120 32 0.010239
121 28 0.48999243002817106
121 29 0.30439822924832116
121 32 0.2056093407235078
122 24 0.697754
122 25 0.302246
122 24 0.0
123 29 0.63613
123 32 0.318886
123 28 0.044984
124 25 0.476151
124 32 0.45228
124 24 0.071569
125 29 0.542934
125 32 0.43777
125 28 0.019296
126 32 0.588666
126 25 0.381829
126 24 0.029505
127 32 0.570547
127 29 0.421503
127 28 0.00795
128 32 0.6008816008816009
128 25 0.38994238994238994
128 24 0.009176009176009177
129 29 0.548924
129 32 0.406811
129 28 0.044265
130 25 0.556759
130 32 0.397231
130 24 0.04601
131 29 0.550141
131 32 0.38832
131 28 0.061539
132 25 0.561256
132 32 0.371399
132 24 0.067345
133 29 0.5086245086245086
133 32 0.4500604500604501
133 28 0.041315041315041316
134 25 0.521876
134 32 0.43225
134 24 0.045874
135 29 0.514836
135 32 0.461412
135 28 0.023752
136 25 0.525351
136 32 0.448611
136 24 0.026038
137 29 0.579066
137 32 0.393741
137 28 0.027193
138 32 0.553557
138 25 0.406855
138 24 0.039588
139 29 0.5113700000000001
139 32 0.45601500000000006
139 28 0.032615000000000005
140 25 0.524771
140 32 0.438886
140 24 0.036343
141 29 0.573369
141 32 0.393105
141 28 0.033526
142 32 0.568222
142 25 0.388705
142 24 0.043073
143 34 0.5338215338215337
143 33 0.4476524476524476
143 32 0.018526018526018526
144 34 0.536954536954537
144 33 0.4467144467144467
144 32 0.01633101633101633
145 34 0.537059
145 33 0.444857
145 32 0.018084
146 34 0.5483290000000001
146 33 0.43791800000000003
146 32 0.013753000000000001
147 34 0.55479
147 33 0.429636
147 32 0.015574
148 34 0.585382
148 33 0.406094
148 32 0.008524
149 34 0.592845
149 33 0.396947
149 32 0.010208
150 34 0.657901
150 33 0.338801
150 32 0.003298
151 34 0.658396
151 33 0.336437
151 32 0.005167
152 34 0.5182629018203833
152 33 0.3002294042597641
152 35 0.1815076939198527
153 34 0.5300281326369319
153 33 0.2972920249218686
153 35 0.17267984244119938
154 34 0.6545583454416545
154 33 0.18855481144518854
154 35 0.15688684311315687
155 34 0.7284872715127285
155 33 0.14203685796314205
155 35 0.12947587052412948
156 34 0.5758864241135759
156 35 0.3372646627353373
156 33 0.08684891315108685
157 34 0.619867
157 35 0.310151
157 33 0.069982
158 34 0.54241
158 35 0.402502
158 33 0.055088
159 34 0.604327
159 35 0.374839
159 33 0.020834
160 34 0.644267
160 35 0.224467
160 33 0.131266
161 34 0.699222
161 35 0.184858
161 33 0.11592
162 34 0.69735
162 33 0.21365
162 35 0.089
163 34 0.764144
163 33 0.18279
163 35 0.053066
164 34 0.5154724172393652
164 33 0.3086619328373145
164 35 0.17586564992332027
165 34 0.5233723654490329
165 33 0.3087957130104604
165 32 0.16783192154050666
166 34 0.5150985757806219
166 33 0.31630689604611373
166 35 0.1685945281732644
167 34 0.699782
167 33 0.297398
167 32 0.00282
168 34 0.683771
168 33 0.313376
168 32 0.002853
169 34 0.6847940000000001
169 33 0.31173300000000004
169 32 0.0034730000000000004
170 34 0.672255
170 33 0.324122
170 32 0.003623
171 34 0.675194
171 33 0.321022
171 32 0.003784
172 34 0.661441
172 33 0.33437
172 32 0.004189
173 34 0.714096
173 33 0.197416
173 35 0.088488
174 34 0.683834
174 33 0.21231
174 35 0.103856
175 34 0.6903653096346903
175 33 0.2171437828562171
175 35 0.09249090750909249
176 34 0.70024
176 33 0.182288
176 35 0.117472
177 34 0.7171090000000001
177 33 0.19439700000000001
177 35 0.08849400000000002
178 34 0.698288
178 33 0.185594
178 35 0.116118
179 34 0.737862
179 33 0.181292
179 35 0.080846
180 34 0.638198
180 35 0.264654
180 33 0.097148
181 34 0.681717
181 35 0.229872
181 33 0.088411
182 34 0.631368
182 35 0.282389
182 33 0.086243
183 34 0.655932
183 35 0.25567
183 33 0.088398
184 34 0.6084193915806084
184 35 0.2844627155372845
184 33 0.10711789288210713
185 34 0.62193
185 35 0.270214
185 33 0.107856
186 34 0.619164
186 35 0.26949
186 33 0.111346
187 34 0.482938
187 35 0.477637
187 33 0.039425
188 35 0.512005487994512
188 34 0.46784353215646785
188 33 0.020150979849020152
189 35 0.5103245103245103
189 34 0.4775324775324775
189 33 0.012143012143012142
190 34 0.517827
190 35 0.482173
190 34 0.0
191 34 0.521493
191 35 0.478507
191 34 0.0
192 34 0.550246
192 35 0.449754
192 34 0.0
193 34 0.555611
193 35 0.43313
193 33 0.011259
194 35 0.635637
194 34 0.364363
194 35 0.0
195 35 0.637239
195 34 0.362761
195 35 0.0
196 35 0.667764
196 34 0.332236
196 35 0.0
197 35 0.679477
197 34 0.320523
197 35 0.0
198 35 0.689462
198 34 0.310538
198 35 0.0
199 35 0.694003
199 34 0.305997
199 35 0.0
200 35 0.733817
200 34 0.266183
200 35 0.0
201 35 0.712786
201 34 0.287214
201 35 0.0
202 35 0.720703
202 34 0.279297
202 35 0.0
203 35 0.797945
203 34 0.202055
203 35 0.0
204 35 0.617054
204 34 0.382946
204 35 0.0
205 35 0.819922
205 34 0.180078
205 35 0.0
206 35 0.82582
206 34 0.17418
206 35 0.0
207 35 0.815777
207 34 0.184223
207 35 0.0
208 35 0.82557
208 34 0.17443
208 35 0.0
209 35 0.800322
209 34 0.199678
209 35 0.0
210 35 0.809316
210 34 0.190684
210 35 0.0
211 35 0.778629
211 34 0.221371
211 35 0.0
212 35 0.790349
212 34 0.209651
212 35 0.0
213 35 0.594179
213 34 0.405821
213 35 0.0
214 35 0.58682
214 34 0.41318
214 35 0.0
215 35 0.549837
215 34 0.450163
215 35 0.0
216 35 0.529694
216 34 0.466257
216 33 0.004049
217 35 0.750611
217 34 0.249389
217 35 0.0
218 35 0.750811
218 34 0.249189
218 35 0.0
219 35 0.914376
219 34 0.085624
219 35 0.0
220 35 0.91373
220 34 0.08627
220 35 0.0
221 35 0.923645
221 34 0.076355
221 35 0.0
222 35 0.949697
222 34 0.050303
222 35 0.0
223 35 0.92894
223 34 0.07106
223 35 0.0
224 35 0.937477
224 34 0.062523
224 35 0.0
225 35 0.933534
225 34 0.066466
225 35 0.0
226 35 0.939333
226 34 0.060667
226 35 0.0
227 35 0.93029
227 34 0.06971
227 35 0.0
228 35 0.934622
228 34 0.065378
228 35 0.0
229 35 0.924755
229 34 0.075245
229 35 0.0
230 35 0.510036
230 34 0.489964
230 35 0.0
231 34 0.5183334816665183
231 35 0.4792115207884792
231 33 0.0024549975450024546
232 35 0.73511
232 34 0.26489
232 35 0.0
233 35 0.727293
233 34 0.272707
233 35 0.0
234 35 0.919089
234 34 0.080911
234 35 0.0
235 35 0.906963
235 34 0.093037
235 35 0.0
236 35 1.0
236 35 0.0
236 35 0.0
237 35 0.988972
237 34 0.011028
237 35 0.0
238 35 1.0
238 35 0.0
238 35 0.0
239 35 0.988024
239 34 0.011976
239 35 0.0
240 35 0.998615
240 34 0.001385
240 35 0.0
241 35 0.99645
241 34 0.00355
241 35 0.0
242 35 0.997728
242 34 0.002272
242 35 0.0
243 35 0.990514
243 34 0.009486
243 35 0.0
244 35 0.995575
244 34 0.004425
244 35 0.0
245 35 0.992683
245 34 0.007317
245 35 0.0
246 35 0.997623
246 34 0.002377
246 35 0.0
247 35 0.995009995009995
247 34 0.00499000499000499
247 35 0.0
248 35 0.99489
248 34 0.00511
248 35 0.0
249 34 0.71857
249 33 0.24897
249 35 0.03246
250 34 0.5350936751537608
250 33 0.2924023400011683
250 35 0.17250398484507087
251 34 0.5231076928416578
251 33 0.29658398877604414
251 35 0.18030831838229797
252 34 0.5291194739863028
252 33 0.2977664051223028
252 35 0.1731141208913945
253 34 0.5192436248042447
253 33 0.30399223990837476
253 35 0.1767641352873805
254 34 0.5242626496190604
254 33 0.30280456633264735
254 35 0.17293278404829218
255 34 0.5108224370258692
255 33 0.3164176714801112
255 35 0.17275989149401957
256 33 0.6688613311386689
256 32 0.24320475679524323
256 34 0.08793391206608794
257 33 0.536591
257 34 0.413545
257 32 0.049864
258 33 0.534094
258 34 0.425808
258 32 0.040098
259 33 0.530353
259 34 0.423214
259 32 0.046433
260 33 0.587642
260 34 0.339187
260 32 0.073171
261 33 0.582722
261 34 0.332542
261 32 0.084736
262 33 0.6229436229436229
262 34 0.2662692662692663
262 32 0.11078711078711079
263 33 0.4902855097144902
263 34 0.48087551912448084
263 32 0.028838971161028834
264 33 0.489602
264 34 0.475151
264 32 0.035247
265 34 0.517727
265 33 0.462024
265 32 0.020249
266 34 0.515229
266 33 0.459897
266 32 0.024874
267 33 0.511865
267 34 0.455817
267 32 0.032318
268 33 0.511215
268 34 0.444535
268 32 0.04425
269 33 0.554153
269 34 0.376832
269 32 0.069015
270 33 0.5522584477415522
270 34 0.37800362199637794
270 32 0.06973793026206972
271 34 0.5363425363425364
271 33 0.44864944864944867
271 32 0.015008015008015008
272 34 0.523741
272 33 0.451671
272 32 0.024588
273 34 0.6055520000000001
273 33 0.38782000000000005
273 32 0.006628000000000001
274 34 0.602908
274 33 0.387023
274 32 0.010069
275 34 0.6298870000000001
275 33 0.36355000000000004
275 32 0.006563000000000001
276 34 0.6312536312536312
276 33 0.35941635941635947
276 32 0.00933000933000933
277 33 0.4855655144344855
277 34 0.46998153001846993
277 32 0.04445295554704445
278 34 0.598816
278 33 0.385247
278 32 0.015937
279 34 0.7250780000000001
279 33 0.27207800000000004
279 32 0.0028440000000000006
280 34 0.736968
280 33 0.248079
280 35 0.014953
281 34 0.5355507330647853
281 33 0.2745126910917533
281 35 0.1899365758434615
282 34 0.6688786688786689
282 33 0.23406123406123405
282 35 0.09706009706009705
283 34 0.7388417388417389
283 33 0.17658917658917658
283 35 0.08456908456908457
284 34 0.5061409472923474
284 33 0.3232101801135061
284 35 0.1706488725941466
285 34 0.5081312938061967
285 33 0.3228178375267771
285 32 0.1690508686670262
286 34 0.617614
286 35 0.264801
286 33 0.117585
287 34 0.668506
287 35 0.249513
287 33 0.081981
288 34 0.6655293344706654
288 35 0.193007806992193
288 33 0.14146285853714144
289 34 0.7096037096037097
289 35 0.19251319251319254
289 33 0.09788309788309789
290 34 0.7281302718697281
290 35 0.1474828525171475
290 33 0.12438687561312439
291 33 0.491111
291 34 0.464859
291 32 0.04403
292 33 0.45965928544328977
292 34 0.3269386378614913
292 32 0.2134020766952189
293 33 0.4451847713483821
293 34 0.35372565062268874
293 32 0.20108957802892924
294 33 0.5058144646788636
294 29 0.27676394662615095
294 32 0.21742158869498546
295 25 0.42142523996401227
295 24 0.29043873121270825
295 33 0.2881360288232794
296 24 0.4184288434146708
296 25 0.3924823274346892
296 33 0.18908882915063993
297 28 0.4456271838036203
297 29 0.35303544234758444
297 32 0.20133737384879527
298 29 0.42286854280357344
298 33 0.2903932744199463
298 28 0.2867381827764802
299 33 0.397846611587628
299 25 0.3725100462865923
299 24 0.22964334212577972
300 34 0.4040936707502568
300 33 0.32625325208537265
300 29 0.26965307716437054
301 25 0.378319709202448
301 33 0.3614256850228631
301 24 0.26025460577468895
302 29 0.37993312358130044
302 28 0.3196647319675507
302 33 0.3004021444511489
303 25 0.39837810509331256
303 24 0.36255681843094284
303 33 0.2390650764757446
304 28 0.645338
304 29 0.347998
304 32 0.006664
305 24 0.46886764099515915
305 25 0.3520687076960974
305 33 0.17906365130874352
306 34 0.608693
306 33 0.378033
306 32 0.013274
307 33 0.5109536628415617
307 29 0.24625528669910912
307 32 0.24279105045932903
308 33 0.4733842776952844
308 25 0.31283571533027354
308 32 0.21378000697444202
309 34 0.7098570000000001
309 33 0.28150200000000003
309 32 0.008641000000000001
310 34 0.7252382747617253
310 33 0.27001272998727005
310 32 0.004748995251004749
311 34 0.732097
311 33 0.263996
311 32 0.003907
312 34 0.5469185469185469
312 33 0.406063406063406
312 32 0.04701804701804701
313 34 0.5842360000000001
313 33 0.39802400000000004
313 32 0.017740000000000002
314 33 0.46985079999319607
314 34 0.2720712139078484
314 35 0.25807798609895566
315 34 0.58113
315 33 0.401827
315 32 0.017043
316 34 0.4455289850895155
316 33 0.3545682626490986
316 32 0.19990275226138587
317 34 0.5972385972385973
317 33 0.3917413917413917
317 32 0.011020011020011019
318 34 0.789111
318 33 0.209369
318 32 0.00152
319 34 0.7271390000000001
319 33 0.24860000000000002
319 32 0.024261000000000005
320 34 0.7965602034397966
320 33 0.2017017982982017
320 32 0.0017379982620017382
321 34 0.769
321 33 0.216949
321 32 0.014051
322 34 0.714942
322 33 0.264863
322 32 0.020195
323 34 0.745726
323 33 0.25067
323 32 0.003604
324 34 0.812846
324 33 0.109735
324 35 0.077419
325 34 0.8904358904358904
325 33 0.0896860896860897
325 35 0.01987801987801988
326 34 0.758989
326 33 0.126583
326 35 0.114428
327 34 0.812955
327 35 0.098773
327 33 0.088272
328 34 0.767096
328 35 0.141984
328 33 0.09092
329 34 0.894095
329 33 0.091025
329 35 0.01488
330 34 0.935738
330 33 0.054555
330 35 0.009707
331 34 0.6257260136570092
331 33 0.20520695384271326
331 35 0.16906703250027746
332 34 0.953282
332 33 0.04422
332 35 0.002498
333 34 0.541356
333 35 0.458644
333 34 0.0
334 34 0.569539
334 35 0.430461
334 34 0.0
335 34 0.5787220000000001
335 35 0.41693100000000005
335 33 0.004347000000000001
336 34 0.631462
336 35 0.368538
336 34 0.0
337 34 0.6461876461876461
337 35 0.3538123538123538
337 34 0.0
338 34 0.693937
338 35 0.306063
338 34 0.0
339 34 0.721937
339 35 0.278063
339 34 0.0
340 34 0.780137
340 35 0.219863
340 34 0.0
341 34 0.824003
341 35 0.175997
341 34 0.0
342 34 0.911728
342 35 0.088272
342 34 0.0
343 34 0.899808
343 35 0.092377
343 33 0.007815
344 34 0.968863
344 35 0.031137
344 34 0.0
345 35 0.716519
345 34 0.283481
345 35 0.0
346 35 0.715738
346 34 0.284262
346 35 0.0
347 35 0.68667
347 34 0.31333
347 35 0.0
348 35 0.673683
348 34 0.326317
348 35 0.0
349 35 0.617536
349 34 0.382464
349 35 0.0
350 35 0.640286
350 34 0.359714
350 35 0.0
351 35 0.519888
351 34 0.480112
351 35 0.0
352 35 0.507503
352 34 0.492497
352 35 0.0
353 34 0.593861
353 35 0.406139
353 34 0.0
354 34 0.654708
354 35 0.345292
354 34 0.0
355 34 0.684142
355 35 0.315858
355 34 0.0
356 34 0.785664
356 35 0.214336
356 34 0.0
357 35 0.718074
357 34 0.281926
357 35 0.0
358 35 0.690835
358 34 0.309165
358 35 0.0
359 35 0.785648
359 34 0.214352
359 35 0.0
360 35 0.835167
360 34 0.164833
360 35 0.0
361 35 0.845539
361 34 0.154461
361 35 0.0
362 35 0.881072
362 34 0.118928
362 35 0.0
363 35 0.904426
363 34 0.095574
363 35 0.0
364 35 0.886377
364 34 0.113623
364 35 0.0
365 35 0.916241
365 34 0.083759
365 35 0.0
366 35 0.927477
366 34 0.072523
366 35 0.0
367 35 1.0
367 35 0.0
367 35 0.0
368 35 0.991932
368 34 0.008068
368 35 0.0
369 35 0.989045
369 34 0.010955
369 35 0.0
370 35 0.982391
370 34 0.017609
370 35 0.0
371 35 0.983397
371 34 0.016603
371 35 0.0
372 35 0.971053
372 34 0.028947
372 35 0.0
373 35 0.968346
373 34 0.031654
373 35 0.0
374 35 0.954008
374 34 0.045992
374 35 0.0
375 35 0.886871
375 34 0.113129
375 35 0.0
376 35 0.865544
376 34 0.134456
376 35 0.0
377 32 0.5490590000000001
377 33 0.44671500000000003
377 34 0.004226000000000001
378 33 0.5215065215065215
378 32 0.46832746832746835
378 34 0.010166010166010165
379 33 0.5782054217945782
379 32 0.39638960361039643
379 34 0.025404974595025408
380 33 0.5550845550845551
380 32 0.42345042345042344
380 34 0.021465021465021467
381 32 0.5092814907185094
381 33 0.4832305167694833
381 34 0.007487992512007488
382 32 0.5254715254715254
382 33 0.4674324674324674
382 34 0.007096007096007095
383 32 0.511216
383 33 0.476586
383 34 0.012198
384 32 0.5283720000000001
384 33 0.46229600000000004
384 34 0.009332000000000002
385 32 0.4339457528004851
385 33 0.37825785371651127
385 29 0.18779639348300367
386 32 0.44417498696335855
386 33 0.3822957374712338
386 25 0.17352927556540768
387 32 0.4376721373988937
387 33 0.3408536859939312
387 29 0.22147417660717514
388 32 0.4474469220663641
388 33 0.3539935319597186
388 25 0.19855954597391728
389 32 0.4219294930264045
389 33 0.2946913997080547
389 29 0.28337910726554083
390 32 0.43128533932805174
390 33 0.3184538017915667
390 25 0.25026085888038163
391 32 0.3990653650963547
391 29 0.35394281374684294
391 33 0.24699182115680243
392 32 0.3959700284874982
392 25 0.3214682757085859
392 33 0.282561695803916
393 29 0.4202056922134189
393 32 0.3610019981549509
393 28 0.2187923096316302
394 25 0.4137932115290727
394 32 0.360945974249712
394 24 0.22526081422121527
395 29 0.52864
395 32 0.361105
395 28 0.110255
396 25 0.4236746195106177
396 32 0.34137526976852534
396 24 0.23495011072085703
397 29 0.618098
397 32 0.23617
397 28 0.145732
398 25 0.5378824621175378
398 32 0.30836569163430827
398 24 0.15375184624815372
399 29 0.6488966488966489
399 32 0.21174021174021174
399 28 0.13936313936313935
400 25 0.5401020000000001
400 32 0.28029100000000007
400 24 0.17960700000000002
401 29 0.686382
401 28 0.169059
401 32 0.144559
402 25 0.536011
402 32 0.265541
402 24 0.198448
403 29 0.6698886698886699
403 28 0.2073242073242073
403 32 0.12278712278712277
404 25 0.5188625188625189
404 32 0.24347124347124344
404 24 0.23766623766623762
405 29 0.602304
405 32 0.319955
405 28 0.077741
406 32 0.483221
406 25 0.430427
406 24 0.086352
407 29 0.651956
407 28 0.223219
407 32 0.124825
408 25 0.502859
408 24 0.253622
408 32 0.243519
409 29 0.630849
409 28 0.241259
409 32 0.127892
410 25 0.52037
410 24 0.263893
410 32 0.215737
411 29 0.6260410000000001
411 28 0.23330000000000004
411 32 0.14065900000000003
412 25 0.522789
412 24 0.267732
412 32 0.209479
413 29 0.620859
413 28 0.21278
413 32 0.166361
414 25 0.5153295153295153
414 24 0.2475212475212475
414 32 0.23714923714923714
415 29 0.586025
415 32 0.25065
415 28 0.163325
416 25 0.4116098062320901
416 32 0.3296620508129651
416 24 0.25872814295494473
417 33 0.585433
417 32 0.375859
417 34 0.038708
418 33 0.563523
418 32 0.403798
418 34 0.032679
419 33 0.4631711917061875
419 32 0.34273424695640625
419 34 0.19409456133740632
420 33 0.45917370777865574
420 32 0.35412740866816605
420 34 0.18669888355317815
421 33 0.40852620499981945
421 32 0.36348799513224367
421 29 0.2279857998679368
422 33 0.4312163182514301
422 32 0.36647470038931856
422 25 0.20230898135925132
423 32 0.36040643299057884
423 33 0.3516874923867844
423 29 0.2879060746226369
424 33 0.38158971389340574
424 32 0.35849478643992655
424 25 0.2599154996666677
425 32 0.3593303821489369
425 29 0.3570651497088773
425 33 0.28360446814218576
426 25 0.3499941215385074
426 32 0.33279619988172887
426 33 0.31720967857976373
427 29 0.3645597959618311
427 32 0.35753897139413965
427 28 0.2779012326440293
428 25 0.4288145801287614
428 24 0.29815024448321126
428 32 0.27303517538802746
429 29 0.357234
429 32 0.356684
429 28 0.286082
430 25 0.5252100000000001
430 24 0.32440100000000005
430 32 0.15038900000000002
431 29 0.3934964260243126
431 28 0.3306132854132109
431 32 0.2758902885624765
432 25 0.535511
432 24 0.333591
432 32 0.130898
433 29 0.42241273451431377
433 28 0.3070163759596801
433 32 0.27057088952600616
434 25 0.529184
434 24 0.350229
434 32 0.120587
435 29 0.585318
435 28 0.336003
435 32 0.078679
436 25 0.527329
436 24 0.368173
436 32 0.104498
437 28 0.45361710425312474
437 29 0.36230492585688384
437 32 0.18407796988999156
438 24 0.59893
438 25 0.40107
438 24 0.0
439 28 0.7764500000000001
439 29 0.21460600000000002
439 27 0.008944000000000002
440 24 0.780392
440 25 0.209435
440 23 0.010173
441 28 0.7939890000000001
441 29 0.20191500000000004
441 27 0.004096000000000001
442 24 0.773655
442 25 0.226345
442 24 0.0
443 28 0.6404430000000001
443 29 0.35563900000000004
443 32 0.0039180000000000005
444 24 0.644235
444 25 0.355765
444 24 0.0
445 29 0.56547
445 28 0.387784
445 32 0.046746
446 25 0.4961785038214962
446 24 0.4168655831344169
446 32 0.08695591304408697
447 29 0.5794
447 28 0.362735
447 32 0.057865
448 25 0.48825
448 24 0.396458
448 32 0.115292
449 28 0.635844
449 29 0.357132
449 32 0.007024
450 24 0.638144
450 25 0.360473
450 32 0.001383
451 29 0.562211
451 28 0.380052
451 32 0.057737
452 25 0.47862047862047863
452 24 0.41792741792741794
452 32 0.10345210345210346
453 29 0.5961660000000001
453 28 0.32578300000000004
453 32 0.07805100000000001
454 25 0.497223
454 24 0.382226
454 32 0.120551
455 28 0.7535457535457536
455 29 0.24450424450424452
455 32 0.00195000195000195
456 24 0.730705
456 25 0.269295
456 24 0.0
457 28 0.616799
457 29 0.371358
457 32 0.011843
458 24 0.6283380000000001
458 25 0.3686400000000001
458 32 0.0030220000000000004
459 28 0.585824
459 29 0.396121
459 32 0.018055
460 24 0.621196
460 25 0.373679
460 32 0.005125
461 28 0.7430800000000001
461 29 0.25347000000000003
461 32 0.0034500000000000004
462 24 0.722205
462 25 0.277795
462 24 0.0
463 28 0.5127715127715128
463 29 0.4558014558014558
463 32 0.031427031427031425
464 24 0.575572
464 25 0.410832
464 32 0.013596
465 29 0.5776714223285777
465 28 0.34214165785834216
465 32 0.08018691981308018
466 25 0.498584
466 24 0.39052
466 32 0.110896
467 29 0.608377
467 28 0.267617
467 32 0.124006
468 25 0.5131870000000001
468 24 0.31068000000000007
468 32 0.17613300000000004
469 29 0.5897274102725898
469 28 0.2254627745372255
469 32 0.18480981519018483
470 25 0.4994765005234994
470 32 0.26465973534026466
470 24 0.23586376413623583
471 32 0.948471
471 29 0.051529
471 32 0.0
472 32 0.959583
472 25 0.040417
472 32 0.0
473 32 0.7321847321847321
473 29 0.24566124566124567
473 28 0.022154022154022155
474 32 0.5494167306938667
474 25 0.2717196731218184
474 24 0.178863596184315
475 25 0.39040896683835474
475 32 0.37887691593848255
475 24 0.2307141172231626
476 29 0.4497750641737999
476 28 0.27890073008026245
476 32 0.2713242057459377
477 25 0.4221158259510575
477 32 0.2938225101910409
477 24 0.28406166385790166
478 29 0.43675608570108687
478 28 0.3386472177989063
478 32 0.2245966965000069
479 25 0.4209073615576563
479 24 0.333067834588488
479 32 0.24602480385385575
480 28 0.518753
480 29 0.438974
480 32 0.042273
481 24 0.528068
481 25 0.417572
481 32 0.05436
482 32 0.935043935043935
482 33 0.03275303275303275
482 29 0.03220303220303221
483 32 0.958704
483 33 0.032106
483 25 0.00919
484 32 0.4574716858164412
484 33 0.3330937617886576
484 29 0.20943455239490125
485 32 0.4840383917220277
485 33 0.32907659187394417
485 25 0.18688501640402805
486 29 0.4183446160038365
486 28 0.3278086784503135
486 32 0.25384670554585004
487 25 0.42960763641813887
487 24 0.3290238603506658
487 32 0.24136850323119521
488 29 0.4245147749845463
488 32 0.3222118088453872
488 28 0.2532734161700665
489 25 0.43495629336165786
489 32 0.3027999729870998
489 24 0.26224373365124237
490 32 0.41274229435105564
490 25 0.34162804159027726
490 33 0.24562966405866707
491 32 0.5210315306403694
491 29 0.2602100464496536
491 33 0.21875842290997694
492 32 0.5418846151897836
492 25 0.23534337340242847
492 33 0.2227720114077879
493 32 0.4531255373864995
493 33 0.28911686190749203
493 29 0.2577576007060084
494 32 0.4341361785889584
494 33 0.3594836760651347
494 25 0.20638014534590696
495 29 0.5109250000000001
495 28 0.3933420000000001
495 32 0.09573300000000001
496 24 0.4766000440210812
496 25 0.3440685669100054
496 32 0.17933138906891338
497 29 0.41916915481254874
497 32 0.3554827847180552
497 28 0.225348060469396
498 32 0.38868610744902043
498 29 0.372306177017812
498 33 0.2390077155331676
499 32 0.37945804827209034
499 29 0.31133062976606923
499 33 0.30921132196184054
500 32 0.39720871222305215
500 33 0.3531247895533107
500 25 0.24966649822363718
501 32 0.4861931983008877
501 33 0.3388269771430225
501 29 0.17497982455608974
502 32 0.49316181971714595
502 33 0.33666492164449285
502 34 0.17017325863836122
503 32 0.8778481221518779
503 33 0.12215187784812216
503 32 0.0
504 32 0.880869
504 33 0.119131
504 32 0.0
505 32 0.87369
505 33 0.12631
505 32 0.0
506 32 0.86715
506 33 0.13285
506 32 0.0
507 32 0.683384
507 33 0.308199
507 34 0.008417
508 32 0.6787543212456788
508 33 0.3146506853493147
508 34 0.0065949934050065955
509 32 0.6565340000000001
509 33 0.32952900000000007
509 34 0.013937000000000001
510 32 0.784637
510 33 0.206624
510 34 0.008739
511 32 0.9177170822829176
511 33 0.07894392105607893
511 34 0.0033389966610033383
512 32 1.0
512 32 0.0
512 32 0.0
513 32 1.0
513 32 0.0
513 32 0.0
514 32 1.0
514 32 0.0
514 32 0.0
515 32 1.0
515 32 0.0
515 32 0.0
516 32 1.0
516 32 0.0
516 32 0.0
517 32 1.0
517 32 0.0
517 32 0.0
518 32 1.0
518 32 0.0
518 32 0.0
519 32 1.0
519 32 0.0
519 32 0.0
520 32 1.0
520 32 0.0
520 32 0.0
521 32 1.0
521 32 0.0
521 32 0.0
522 32 1.0
522 32 0.0
522 32 0.0
523 32 1.0
523 32 0.0
523 32 0.0
524 32 0.998893
524 25 0.001107
524 32 0.0
525 32 1.0
525 32 0.0
525 32 0.0
526 32 0.928354
526 29 0.071646
526 32 0.0
527 32 0.922068
527 25 0.077932
527 32 0.0
528 32 0.79523
528 29 0.20477
528 32 0.0
529 32 0.787273
529 25 0.212727
529 32 0.0
530 32 0.6409033590966409
530 29 0.3397926602073398
530 28 0.019303980696019303
531 32 0.628416
531 25 0.349929
531 24 0.021655
532 32 0.5950500000000001
532 29 0.37931800000000004
532 28 0.025632000000000002
533 32 0.577174
533 25 0.393422
533 24 0.029404
534 32 0.6318833681166319
534 29 0.3506806493193507
534 28 0.017435982564017436
535 32 0.619773
535 25 0.360649
535 24 0.019578
536 32 0.614323
536 29 0.371693
536 28 0.013984
537 32 0.602974
537 25 0.381475
537 24 0.015551
538 29 0.647977
538 28 0.223466
538 32 0.128557
539 25 0.51019
539 24 0.254354
539 32 0.235456
540 29 0.6284343715656283
540 32 0.2358437641562358
540 28 0.1357218642781357
541 25 0.47433
541 32 0.368626
541 24 0.157044
542 29 0.567555
542 32 0.343628
542 28 0.088817
543 25 0.578925
543 32 0.324308
543 24 0.096767
544 29 0.5032335032335032
544 32 0.4435354435354435
544 28 0.053231053231053226
545 25 0.519613
545 32 0.419562
545 24 0.060825
546 32 0.45767436719909776
546 29 0.36881924890294415
546 28 0.1735063838979581
547 32 0.45078244122465394
547 25 0.3748744213087898
547 24 0.1743431374665563
548 32 0.45099634554452184
548 29 0.37738452677198003
548 28 0.17161912768349807
549 32 0.44487830176833454
549 25 0.38285668582206583
549 24 0.17226501240959963
550 32 0.4410655827400389
550 29 0.3879685480846258
550 28 0.17096586917533532
551 32 0.4362573310360986
551 25 0.3922563350555914
551 24 0.17148633390831003
552 32 0.45943468596349224
552 29 0.36094919683809107
552 31 0.1796161171984166
553 32 0.4636944693551422
553 25 0.3585898435854352
553 31 0.17771568705942264
554 32 0.49179642348721325
554 29 0.3320409230275311
554 31 0.17616265348525573
555 32 0.4922359964585806
555 25 0.3319599348000471
555 31 0.17580406874137222
556 32 0.8052480000000001
556 29 0.17922500000000002
556 31 0.015527000000000001
557 32 0.945812
557 25 0.036448
557 31 0.01774
558 32 0.9428610000000001
558 29 0.032878000000000004
558 31 0.024261000000000005
559 32 0.975357
559 31 0.024643
559 32 0.0
560 32 0.98647
560 29 0.010703
560 31 0.002827
561 32 0.997168
561 31 0.002832
561 32 0.0
562 32 0.997735
562 31 0.002265
562 32 0.0
563 32 0.997752
563 31 0.002248
563 32 0.0
564 32 0.9407880000000001
564 33 0.05426000000000001
564 31 0.004952000000000001
565 32 0.940665
565 33 0.054378
565 31 0.004957
566 32 0.836839
566 33 0.153868
566 31 0.009293
567 32 0.8361298361298362
567 33 0.1546751546751547
567 31 0.009195009195009195
568 32 0.855148
568 33 0.142456
568 31 0.002396
569 28 0.6977096977096977
569 29 0.2954452954452954
569 32 0.006845006845006845
570 24 0.5167096760826209
570 25 0.31435488549536694
570 32 0.16893543842201225
571 28 0.688963
571 29 0.304241
571 32 0.006796
572 24 0.665019
572 25 0.321184
572 32 0.013797
573 28 0.7127447127447127
573 29 0.28167828167828163
573 32 0.005577005577005577
574 24 0.6936613063386936
574 25 0.29074470925529067
574 32 0.015593984406015593
