joints
40 Hips -1 0.729019 0.050034 -0.682662 0.863001 0.004155 0.996983 0.077508 91.007706 0.684481 -0.059341 0.726612 -0.966221 0.000000 0.000000 0.000000 1.000000
39 Spine 40 0.996433 0.023265 0.081123 -0.000000 -0.014967 0.994730 -0.101433 14.652452 -0.083055 0.099857 0.991529 0.432472 0.000000 0.000000 0.000000 1.000000
38 Spine1 39 0.986154 0.053134 0.157091 0.000000 -0.020485 0.979056 -0.202560 10.372511 -0.164564 0.196537 0.966588 0.047685 0.000000 0.000000 0.000000 1.000000
37 Spine2 38 0.986154 0.053134 0.157091 -0.000000 -0.020485 0.979056 -0.202560 10.084998 -0.164564 0.196537 0.966588 0.302715 0.000000 0.000000 0.000000 1.000000
36 Neck 37 0.999747 -0.003600 -0.022215 0.000000 0.005258 0.997169 0.075014 31.685007 0.021882 -0.075112 0.996935 0.246449 0.000000 0.000000 0.000000 1.000000
35 Head 36 0.937032 0.006168 0.349190 -0.000000 -0.044690 0.993742 0.102370 11.408890 -0.346374 -0.111529 0.931443 1.920896 0.000000 0.000000 0.000000 1.000000
34 HeadTop_End 35 1.000000 0.000000 0.000000 0.060379 0.000000 1.000000 0.000000 36.992508 0.000000 0.000000 1.000000 6.669442 0.000000 0.000000 0.000000 1.000000
33 LeftShoulder 37 0.990491 0.137039 -0.012165 10.912857 -0.137300 0.990234 -0.024211 26.732725 0.008728 0.025651 0.999633 -2.705630 0.000000 0.000000 0.000000 1.000000
32 LeftArm 33 0.456189 0.889830 0.009713 13.894908 -0.848273 0.431533 0.306941 -9.016914 0.268934 -0.148262 0.951679 1.215675 0.000000 0.000000 0.000000 1.000000
31 LeftForeArm 32 0.738831 -0.052285 -0.671859 32.246170 -0.031731 0.993181 -0.112185 -0.183667 0.673143 0.104204 0.732134 -2.285661 0.000000 0.000000 0.000000 1.000000
30 LeftHand 31 0.942410 -0.334419 -0.005216 28.013548 0.319826 0.905629 -0.278472 0.183364 0.097850 0.260767 0.960430 0.670486 0.000000 0.000000 0.000000 1.000000
29 LeftHandIndex1 30 0.990394 0.065948 -0.121534 18.109711 -0.064523 0.997794 0.015627 -0.000038 0.122296 -0.007635 0.992464 0.000050 0.000000 0.000000 0.000000 1.000000
28 LeftHandIndex2 29 0.965720 0.257983 0.028791 4.183721 -0.257959 0.966145 -0.004592 -0.000026 -0.029001 -0.002992 0.999575 -0.000005 0.000000 0.000000 0.000000 1.000000
27 LeftHandIndex3 28 0.999557 0.025580 -0.015240 3.830242 -0.025580 0.999673 0.000195 -0.098050 0.015240 0.000195 0.999884 0.058395 0.000000 0.000000 0.000000 1.000000
26 LeftHandIndex4 27 1.000000 0.000000 0.000000 4.863624 0.000000 1.000000 -0.000000 -0.000057 0.000000 0.000000 1.000000 -0.000034 0.000000 0.000000 0.000000 1.000000
25 LeftHandThumb1 30 0.991874 0.095546 0.084002 6.273973 -0.081337 0.983959 -0.158773 -3.207020 -0.097825 0.150650 0.983735 3.859405 0.000000 0.000000 0.000000 1.000000
24 LeftHandThumb2 25 0.999906 -0.013674 0.000549 5.060122 0.013671 0.999889 0.005864 -2.921443 -0.000630 -0.005856 0.999983 2.921605 0.000000 0.000000 0.000000 1.000000
23 LeftHandThumb3 24 1.000000 0.000012 -0.000006 5.809099 -0.000012 1.000000 -0.000003 -3.353832 0.000006 0.000003 1.000000 3.353911 0.000000 0.000000 0.000000 1.000000
22 LeftHandThumb4 23 1.000000 0.000000 0.000000 3.766351 -0.000000 1.000000 -0.000000 -2.174381 0.000000 0.000000 1.000000 2.174520 0.000000 0.000000 0.000000 1.000000
21 RightShoulder 37 0.972022 -0.167785 0.164385 -10.912857 0.174036 0.984440 -0.024287 26.732725 -0.157752 0.052217 0.986097 -2.705630 0.000000 0.000000 0.000000 1.000000
20 RightArm 21 0.484672 -0.791196 -0.372964 -13.894908 0.862162 0.504046 0.051122 -9.016914 0.147543 -0.346333 0.926436 1.215675 0.000000 0.000000 0.000000 1.000000
19 RightForeArm 20 0.796653 -0.112612 0.593853 -32.219643 0.074005 0.993272 0.089076 -0.171897 -0.599889 -0.027014 0.799627 -2.634137 0.000000 0.000000 0.000000 1.000000
18 RightHand 19 0.953158 -0.189487 0.235764 -28.019154 0.218834 0.970092 -0.105035 0.180876 -0.208810 0.151708 0.966117 0.369207 0.000000 0.000000 0.000000 1.000000
17 RightHandIndex1 18 0.996674 -0.078667 -0.021279 -18.104378 0.079093 0.996667 0.019985 0.000443 0.019636 -0.021602 0.999574 -0.195428 0.000000 0.000000 0.000000 1.000000
16 RightHandIndex2 17 0.956257 -0.291259 -0.027232 -4.916212 0.291327 0.956622 -0.001537 0.000190 0.026498 -0.006463 0.999628 -0.053088 0.000000 0.000000 0.000000 1.000000
15 RightHandIndex3 16 0.999946 0.007065 0.007621 -4.301387 -0.007065 0.999975 -0.000050 -0.000004 -0.007621 -0.000004 0.999971 -0.013916 0.000000 0.000000 0.000000 1.000000
14 RightHandIndex4 15 1.000000 0.000000 0.000000 -3.722294 -0.000000 1.000000 -0.000000 -0.026285 0.000000 -0.000000 1.000000 -0.040356 0.000000 0.000000 0.000000 1.000000
13 RightHandThumb1 18 0.965668 0.072512 -0.249453 -6.344480 -0.047392 0.993313 0.105276 -3.303541 0.255418 -0.089840 0.962648 3.657446 0.000000 0.000000 0.000000 1.000000
12 RightHandThumb2 13 0.954881 0.116774 -0.273069 -4.317011 -0.142238 0.986962 -0.075328 -3.095828 0.260712 0.110770 0.959041 3.801934 0.000000 0.000000 0.000000 1.000000
11 RightHandThumb3 12 0.997399 -0.029613 -0.065716 -4.968810 0.024537 0.996748 -0.076755 -4.080473 0.067776 0.074943 0.994882 3.860468 0.000000 0.000000 0.000000 1.000000
10 RightHandThumb4 11 1.000000 -0.000000 0.000000 -3.108351 0.000000 1.000000 0.000000 -2.354014 -0.000000 0.000000 1.000000 2.904935 0.000000 0.000000 0.000000 1.000000
9 LeftUpLeg 40 0.965177 -0.245657 0.089921 13.025906 0.173228 0.857763 0.483979 -7.138231 -0.196024 -0.451548 0.870448 0.858406 0.000000 0.000000 0.000000 1.000000
8 LeftLeg 9 0.970036 0.003095 -0.242942 0.124313 -0.138984 0.827226 -0.544408 -35.765831 0.199283 0.561860 0.802870 3.144568 0.000000 0.000000 0.000000 1.000000
7 LeftFoot 8 0.987991 0.154029 0.012182 -0.111785 -0.154423 0.987008 0.044367 -40.173641 -0.005190 -0.045716 0.998941 -5.709243 0.000000 0.000000 0.000000 1.000000
6 LeftToeBase 7 0.998326 -0.013997 -0.056125 1.284375 0.016281 0.999049 0.040451 -16.831020 0.055505 -0.041297 0.997604 16.756786 0.000000 0.000000 0.000000 1.000000
5 LeftToe_End 6 1.000000 0.000000 0.000000 0.114757 -0.000000 1.000000 0.000000 0.399008 -0.000000 0.000000 1.000000 13.376607 0.000000 0.000000 0.000000 1.000000
4 RightUpLeg 40 0.930710 0.280613 -0.234595 -13.025906 -0.277574 0.959574 0.046583 -7.138231 0.238183 0.021762 0.970976 0.858406 0.000000 0.000000 0.000000 1.000000
3 RightLeg 4 0.988565 0.006762 -0.150645 -0.124313 -0.086450 0.843944 -0.529420 -35.765831 0.123556 0.536389 0.834877 3.144568 0.000000 0.000000 0.000000 1.000000
2 RightFoot 3 0.944341 -0.318688 -0.081594 0.111785 0.325973 0.873118 0.362501 -40.173641 -0.044284 -0.368922 0.928405 -5.709243 0.000000 0.000000 0.000000 1.000000
1 RightToeBase 2 0.998130 0.061105 -0.001401 -1.284375 -0.060980 0.997124 0.045006 -16.831020 0.004147 -0.044836 0.998986 16.756786 0.000000 0.000000 0.000000 1.000000
0 RightToe_End 1 1.000000 0.000000 0.000000 -0.114757 0.000000 1.000000 -0.000000 0.399008 0.000000 -0.000000 1.000000 13.376607 0.000000 0.000000 0.000000 1.000000
bindpose_inv
0 1.000000 0.000000 0.000000 14.438566 -0.000000 1.000000 0.000000 -0.562284 0.000000 -0.000000 1.000000 -27.505123 0.000000 0.000000 0.000000 1.000000
1 1.000000 0.000000 0.000000 14.323809 -0.000000 1.000000 0.000000 -0.163276 0.000000 -0.000000 1.000000 -14.128517 0.000000 0.000000 0.000000 1.000000
2 1.000000 0.000000 0.000000 13.039434 -0.000000 1.000000 0.000000 -16.994296 0.000000 -0.000000 1.000000 2.628269 0.000000 0.000000 0.000000 1.000000
3 1.000000 0.000000 0.000000 13.151219 -0.000000 1.000000 0.000000 -57.167937 0.000000 -0.000000 1.000000 -3.080974 0.000000 0.000000 0.000000 1.000000
4 1.000000 0.000000 0.000000 13.026906 -0.000000 1.000000 0.000000 -92.933769 0.000000 -0.000000 1.000000 0.063594 0.000000 0.000000 0.000000 1.000000
5 1.000000 0.000000 0.000000 -14.436566 -0.000000 1.000000 0.000000 -0.562284 0.000000 -0.000000 1.000000 -27.505123 0.000000 0.000000 0.000000 1.000000
6 1.000000 0.000000 0.000000 -14.321809 -0.000000 1.000000 0.000000 -0.163276 0.000000 -0.000000 1.000000 -14.128517 0.000000 0.000000 0.000000 1.000000
7 1.000000 0.000000 0.000000 -13.037434 -0.000000 1.000000 0.000000 -16.994296 0.000000 -0.000000 1.000000 2.628269 0.000000 0.000000 0.000000 1.000000
8 1.000000 0.000000 0.000000 -13.149219 -0.000000 1.000000 0.000000 -57.167937 0.000000 -0.000000 1.000000 -3.080974 0.000000 0.000000 0.000000 1.000000
9 1.000000 0.000000 0.000000 -13.024906 -0.000000 1.000000 0.000000 -92.933769 0.000000 -0.000000 1.000000 0.063594 0.000000 0.000000 0.000000 1.000000
10 1.000000 0.000000 0.000000 103.786213 -0.000000 1.000000 0.000000 -140.072893 0.000000 -0.000000 1.000000 -10.330769 0.000000 0.000000 0.000000 1.000000
11 1.000000 0.000000 0.000000 100.677862 -0.000000 1.000000 0.000000 -142.426907 0.000000 -0.000000 1.000000 -7.425834 0.000000 0.000000 0.000000 1.000000
12 1.000000 0.000000 0.000000 95.709052 -0.000000 1.000000 0.000000 -146.507380 0.000000 -0.000000 1.000000 -3.565366 0.000000 0.000000 0.000000 1.000000
13 1.000000 0.000000 0.000000 91.392041 -0.000000 1.000000 0.000000 -149.603207 0.000000 -0.000000 1.000000 0.236568 0.000000 0.000000 0.000000 1.000000
14 1.000000 0.000000 0.000000 116.091832 -0.000000 1.000000 0.000000 -152.881093 0.000000 -0.000000 1.000000 4.196802 0.000000 0.000000 0.000000 1.000000
15 1.000000 0.000000 0.000000 112.369538 -0.000000 1.000000 0.000000 -152.907378 0.000000 -0.000000 1.000000 4.156446 0.000000 0.000000 0.000000 1.000000
16 1.000000 0.000000 0.000000 108.068151 -0.000000 1.000000 0.000000 -152.907382 0.000000 -0.000000 1.000000 4.142530 0.000000 0.000000 0.000000 1.000000
17 1.000000 0.000000 0.000000 103.151939 -0.000000 1.000000 0.000000 -152.907192 0.000000 -0.000000 1.000000 4.089442 0.000000 0.000000 0.000000 1.000000
18 1.000000 0.000000 0.000000 85.047561 -0.000000 1.000000 0.000000 -152.906749 0.000000 -0.000000 1.000000 3.894014 0.000000 0.000000 0.000000 1.000000
19 1.000000 0.000000 0.000000 57.028407 -0.000000 1.000000 0.000000 -152.725873 0.000000 -0.000000 1.000000 4.263220 0.000000 0.000000 0.000000 1.000000
20 1.000000 0.000000 0.000000 24.808765 -0.000000 1.000000 0.000000 -152.897770 0.000000 -0.000000 1.000000 1.629083 0.000000 0.000000 0.000000 1.000000
21 1.000000 0.000000 0.000000 10.913857 -0.000000 1.000000 0.000000 -161.914685 0.000000 -0.000000 1.000000 2.844758 0.000000 0.000000 0.000000 1.000000
22 1.000000 0.000000 0.000000 -105.976029 -0.000000 1.000000 0.000000 -141.240790 0.000000 -0.000000 1.000000 -9.065183 0.000000 0.000000 0.000000 1.000000
23 1.000000 0.000000 0.000000 -102.209678 -0.000000 1.000000 0.000000 -143.415172 0.000000 -0.000000 1.000000 -6.890663 0.000000 0.000000 0.000000 1.000000
24 1.000000 0.000000 0.000000 -96.400579 -0.000000 1.000000 0.000000 -146.769004 0.000000 -0.000000 1.000000 -3.536752 0.000000 0.000000 0.000000 1.000000
25 1.000000 0.000000 0.000000 -91.340457 -0.000000 1.000000 0.000000 -149.690447 0.000000 -0.000000 1.000000 -0.615147 0.000000 0.000000 0.000000 1.000000
26 1.000000 0.000000 0.000000 -116.053782 -0.000000 1.000000 0.000000 -152.799295 0.000000 -0.000000 1.000000 3.185852 0.000000 0.000000 0.000000 1.000000
27 1.000000 0.000000 0.000000 -111.190158 -0.000000 1.000000 0.000000 -152.799353 0.000000 -0.000000 1.000000 3.185818 0.000000 0.000000 0.000000 1.000000
28 1.000000 0.000000 0.000000 -107.359916 -0.000000 1.000000 0.000000 -152.897403 0.000000 -0.000000 1.000000 3.244213 0.000000 0.000000 0.000000 1.000000
29 1.000000 0.000000 0.000000 -103.176196 -0.000000 1.000000 0.000000 -152.897429 0.000000 -0.000000 1.000000 3.244208 0.000000 0.000000 0.000000 1.000000
30 1.000000 0.000000 0.000000 -85.066484 -0.000000 1.000000 0.000000 -152.897467 0.000000 -0.000000 1.000000 3.244258 0.000000 0.000000 0.000000 1.000000
31 1.000000 0.000000 0.000000 -57.052937 -0.000000 1.000000 0.000000 -152.714104 0.000000 -0.000000 1.000000 3.914744 0.000000 0.000000 0.000000 1.000000
32 1.000000 0.000000 0.000000 -24.806765 -0.000000 1.000000 0.000000 -152.897770 0.000000 -0.000000 1.000000 1.629083 0.000000 0.000000 0.000000 1.000000
33 1.000000 0.000000 0.000000 -10.911857 -0.000000 1.000000 0.000000 -161.914685 0.000000 -0.000000 1.000000 2.844758 0.000000 0.000000 0.000000 1.000000
34 1.000000 0.000000 0.000000 -0.059379 -0.000000 1.000000 0.000000 -215.268366 0.000000 -0.000000 1.000000 -8.697659 0.000000 0.000000 0.000000 1.000000
35 1.000000 0.000000 0.000000 0.001000 -0.000000 1.000000 0.000000 -178.275857 0.000000 -0.000000 1.000000 -2.028217 0.000000 0.000000 0.000000 1.000000
36 1.000000 0.000000 0.000000 0.001000 -0.000000 1.000000 0.000000 -166.866968 0.000000 -0.000000 1.000000 -0.107322 0.000000 0.000000 0.000000 1.000000
37 1.000000 0.000000 0.000000 0.001000 -0.000000 1.000000 0.000000 -135.181960 0.000000 -0.000000 1.000000 0.139128 0.000000 0.000000 0.000000 1.000000
38 1.000000 0.000000 0.000000 0.001000 -0.000000 1.000000 0.000000 -125.096962 0.000000 -0.000000 1.000000 0.441843 0.000000 0.000000 0.000000 1.000000
39 1.000000 0.000000 0.000000 0.001000 -0.000000 1.000000 0.000000 -114.724451 0.000000 -0.000000 1.000000 0.489528 0.000000 0.000000 0.000000 1.000000
40 1.000000 0.000000 0.000000 0.001000 -0.000000 1.000000 0.000000 -100.072000 0.000000 -0.000000 1.000000 0.922000 0.000000 0.000000 0.000000 1.000000
weights 7122
0 35 1.0
0 35 0.0
0 35 0.0
1 35 1.0
1 35 0.0
1 35 0.0
2 35 1.0
2 35 0.0
2 35 0.0
3 35 1.0
3 35 0.0
3 35 0.0
4 35 1.0
4 35 0.0
4 35 0.0
5 35 1.0
5 35 0.0
5 35 0.0
6 35 1.0
6 35 0.0
6 35 0.0
7 35 1.0
7 35 0.0
7 35 0.0
8 35 1.0
8 35 0.0
8 35 0.0
9 35 1.0
9 35 0.0
9 35 0.0
10 35 1.0
10 35 0.0
10 35 0.0
11 35 1.0
11 35 0.0
11 35 0.0
12 35 1.0
12 35 0.0
12 35 0.0
13 35 1.0
13 35 0.0
13 35 0.0
14 35 1.0
14 35 0.0
14 35 0.0
15 35 1.0
15 35 0.0
15 35 0.0
16 35 1.0
16 35 0.0
16 35 0.0
17 35 1.0
17 35 0.0
17 35 0.0
18 35 1.0
18 35 0.0
18 35 0.0
19 35 1.0
19 35 0.0
19 35 0.0
20 35 1.0
20 35 0.0
20 35 0.0
21 35 1.0
21 35 0.0
21 35 0.0
22 35 1.0
22 35 0.0
22 35 0.0
23 35 1.0
23 35 0.0
23 35 0.0
24 35 1.0
24 35 0.0
24 35 0.0
25 35 1.0
25 35 0.0
25 35 0.0
26 35 1.0
26 35 0.0
26 35 0.0
27 35 1.0
27 35 0.0
27 35 0.0
28 35 1.0
28 35 0.0
28 35 0.0
29 35 1.0
29 35 0.0
29 35 0.0
30 35 1.0
30 35 0.0
30 35 0.0
31 35 1.0
31 35 0.0
31 35 0.0
32 35 1.0
32 35 0.0
32 35 0.0
33 35 1.0
33 35 0.0
33 35 0.0
34 35 1.0
34 35 0.0
34 35 0.0
35 35 1.0
35 35 0.0
35 35 0.0
36 35 1.0
36 35 0.0
36 35 0.0
37 35 1.0
37 35 0.0
37 35 0.0
38 35 1.0
38 35 0.0
38 35 0.0
39 35 1.0
39 35 0.0
39 35 0.0
40 35 1.0
40 35 0.0
40 35 0.0
41 35 1.0
41 35 0.0
41 35 0.0
42 35 1.0
42 35 0.0
42 35 0.0
43 35 1.0
43 35 0.0
43 35 0.0
44 35 1.0
44 35 0.0
44 35 0.0
45 35 1.0
45 35 0.0
45 35 0.0
46 35 1.0
46 35 0.0
46 35 0.0
47 35 1.0
47 35 0.0
47 35 0.0
48 35 1.0
48 35 0.0
48 35 0.0
49 35 1.0
49 35 0.0
49 35 0.0
50 35 1.0
50 35 0.0
50 35 0.0
51 35 1.0
51 35 0.0
51 35 0.0
52 35 1.0
52 35 0.0
52 35 0.0
53 35 1.0
53 35 0.0
53 35 0.0
54 35 1.0
54 35 0.0
54 35 0.0
55 35 1.0
55 35 0.0
55 35 0.0
56 35 1.0
56 35 0.0
56 35 0.0
57 35 1.0
57 35 0.0
57 35 0.0
58 35 1.0
58 35 0.0
58 35 0.0
59 35 1.0
59 35 0.0
59 35 0.0
60 35 1.0
60 35 0.0
60 35 0.0
61 35 1.0
61 35 0.0
61 35 0.0
62 35 1.0
62 35 0.0
62 35 0.0
63 35 1.0
63 35 0.0
63 35 0.0
64 35 1.0
64 35 0.0
64 35 0.0
65 35 1.0
65 35 0.0
65 35 0.0
66 35 1.0
66 35 0.0
66 35 0.0
67 35 1.0
67 35 0.0
67 35 0.0
68 35 1.0
68 35 0.0
68 35 0.0
69 35 1.0
69 35 0.0
69 35 0.0
70 35 1.0
70 35 0.0
70 35 0.0
71 35 1.0
71 35 0.0
71 35 0.0
72 35 1.0
72 35 0.0
72 35 0.0
73 35 1.0
73 35 0.0
73 35 0.0
74 35 1.0
74 35 0.0
74 35 0.0
75 35 1.0
75 35 0.0
75 35 0.0
76 35 1.0
76 35 0.0
76 35 0.0
77 35 1.0
77 35 0.0
77 35 0.0
78 35 1.0
78 35 0.0
78 35 0.0
79 35 1.0
79 35 0.0
79 35 0.0
80 35 1.0
80 35 0.0
80 35 0.0
81 35 1.0
81 35 0.0
81 35 0.0
82 35 1.0
82 35 0.0
82 35 0.0
83 35 1.0
83 35 0.0
83 35 0.0
84 35 1.0
84 35 0.0
84 35 0.0
85 35 1.0
85 35 0.0
85 35 0.0
86 35 1.0
86 35 0.0
86 35 0.0
87 35 1.0
87 35 0.0
87 35 0.0
88 35 1.0
88 35 0.0
88 35 0.0
89 35 1.0
89 35 0.0
89 35 0.0
90 35 1.0
90 35 0.0
90 35 0.0
91 35 1.0
91 35 0.0
91 35 0.0
92 35 1.0
92 35 0.0
92 35 0.0
93 35 1.0
93 35 0.0
93 35 0.0
94 35 1.0
94 35 0.0
94 35 0.0
95 35 1.0
95 35 0.0
95 35 0.0
96 35 1.0
96 35 0.0
96 35 0.0
97 35 1.0
97 35 0.0
97 35 0.0
98 35 1.0
98 35 0.0
98 35 0.0
99 35 1.0
99 35 0.0
99 35 0.0
100 35 1.0
100 35 0.0
100 35 0.0
101 35 1.0
101 35 0.0
101 35 0.0
102 35 1.0
102 35 0.0
102 35 0.0
103 35 1.0
103 35 0.0
103 35 0.0
104 35 1.0
104 35 0.0
104 35 0.0
105 35 1.0
105 35 0.0
105 35 0.0
106 35 1.0
106 35 0.0
106 35 0.0
107 35 1.0
107 35 0.0
107 35 0.0
108 35 1.0
108 35 0.0
108 35 0.0
109 35 1.0
109 35 0.0
109 35 0.0
110 35 1.0
110 35 0.0
110 35 0.0
111 35 1.0
111 35 0.0
111 35 0.0
112 35 1.0
112 35 0.0
112 35 0.0
113 35 1.0
113 35 0.0
113 35 0.0
114 35 1.0
114 35 0.0
114 35 0.0
115 35 1.0
115 35 0.0
115 35 0.0
116 35 1.0
116 35 0.0
116 35 0.0
117 35 1.0
117 35 0.0
117 35 0.0
118 35 1.0
118 35 0.0
118 35 0.0
119 35 1.0
119 35 0.0
119 35 0.0
120 35 1.0
120 35 0.0
120 35 0.0
121 35 1.0
121 35 0.0
121 35 0.0
122 35 1.0
122 35 0.0
122 35 0.0
123 35 1.0
123 35 0.0
123 35 0.0
124 35 1.0
124 35 0.0
124 35 0.0
125 35 1.0
125 35 0.0
125 35 0.0
126 35 1.0
126 35 0.0
126 35 0.0
127 35 1.0
127 35 0.0
127 35 0.0
128 35 1.0
128 35 0.0
128 35 0.0
129 35 1.0
129 35 0.0
129 35 0.0
130 35 1.0
130 35 0.0
130 35 0.0
131 35 1.0
131 35 0.0
131 35 0.0
132 35 1.0
132 35 0.0
132 35 0.0
133 35 1.0
133 35 0.0
133 35 0.0
134 35 1.0
134 35 0.0
134 35 0.0
135 35 1.0
135 35 0.0
135 35 0.0
136 35 1.0
136 35 0.0
136 35 0.0
137 35 1.0
137 35 0.0
137 35 0.0
138 35 1.0
138 35 0.0
138 35 0.0
139 35 1.0
139 35 0.0
139 35 0.0
140 35 0.818182
140 36 0.181818
140 35 0.0
141 35 0.818182
141 36 0.181818
141 35 0.0
142 35 1.0
142 35 0.0
142 35 0.0
143 35 0.818182
143 36 0.181818
143 35 0.0
144 35 1.0
144 35 0.0
144 35 0.0
145 35 1.0
145 35 0.0
145 35 0.0
146 35 1.0
146 35 0.0
146 35 0.0
147 35 1.0
147 35 0.0
147 35 0.0
148 35 1.0
148 35 0.0
148 35 0.0
149 35 1.0
149 35 0.0
149 35 0.0
150 35 1.0
150 35 0.0
150 35 0.0
151 35 1.0
151 35 0.0
151 35 0.0
152 35 1.0
152 35 0.0
152 35 0.0
153 35 1.0
153 35 0.0
153 35 0.0
154 35 1.0
154 35 0.0
154 35 0.0
155 35 1.0
155 35 0.0
155 35 0.0
156 35 1.0
156 35 0.0
156 35 0.0
157 35 1.0
157 35 0.0
157 35 0.0
158 35 1.0
158 35 0.0
158 35 0.0
159 35 1.0
159 35 0.0
159 35 0.0
160 35 1.0
160 35 0.0
160 35 0.0
161 35 1.0
161 35 0.0
161 35 0.0
162 35 1.0
162 35 0.0
162 35 0.0
163 35 1.0
163 35 0.0
163 35 0.0
164 35 1.0
164 35 0.0
164 35 0.0
165 35 1.0
165 35 0.0
165 35 0.0
166 35 1.0
166 35 0.0
166 35 0.0
167 35 1.0
167 35 0.0
167 35 0.0
168 35 1.0
168 35 0.0
168 35 0.0
169 35 1.0
169 35 0.0
169 35 0.0
170 35 1.0
170 35 0.0
170 35 0.0
171 35 1.0
171 35 0.0
171 35 0.0
172 35 1.0
172 35 0.0
172 35 0.0
173 35 1.0
173 35 0.0
173 35 0.0
174 35 1.0
174 35 0.0
174 35 0.0
175 35 1.0
175 35 0.0
175 35 0.0
176 35 1.0
176 35 0.0
176 35 0.0
177 35 1.0
177 35 0.0
177 35 0.0
178 35 1.0
178 35 0.0
178 35 0.0
179 35 1.0
179 35 0.0
179 35 0.0
180 35 1.0
180 35 0.0
180 35 0.0
181 35 1.0
181 35 0.0
181 35 0.0
182 35 1.0
182 35 0.0
182 35 0.0
183 35 1.0
183 35 0.0
183 35 0.0
184 35 1.0
184 35 0.0
184 35 0.0
185 35 1.0
185 35 0.0
185 35 0.0
186 35 1.0
186 35 0.0
186 35 0.0
187 35 1.0
187 35 0.0
187 35 0.0
188 35 1.0
188 35 0.0
188 35 0.0
189 35 1.0
189 35 0.0
189 35 0.0
190 35 1.0
190 35 0.0
190 35 0.0
191 35 1.0
191 35 0.0
191 35 0.0
192 35 1.0
192 35 0.0
192 35 0.0
193 35 1.0
193 35 0.0
193 35 0.0
194 35 1.0
194 35 0.0
194 35 0.0
195 35 1.0
195 35 0.0
195 35 0.0
196 35 1.0
196 35 0.0
196 35 0.0
197 35 1.0
197 35 0.0
197 35 0.0
198 35 1.0
198 35 0.0
198 35 0.0
199 35 1.0
199 35 0.0
199 35 0.0
200 35 1.0
200 35 0.0
200 35 0.0
201 35 1.0
201 35 0.0
201 35 0.0
202 35 1.0
202 35 0.0
202 35 0.0
203 35 1.0
203 35 0.0
203 35 0.0
204 35 1.0
204 35 0.0
204 35 0.0
205 35 1.0
205 35 0.0
205 35 0.0
206 35 1.0
206 35 0.0
206 35 0.0
207 35 1.0
207 35 0.0
207 35 0.0
208 35 1.0
208 35 0.0
208 35 0.0
209 35 1.0
209 35 0.0
209 35 0.0
210 35 1.0
210 35 0.0
210 35 0.0
211 35 1.0
211 35 0.0
211 35 0.0
212 35 1.0
212 35 0.0
212 35 0.0
213 35 1.0
213 35 0.0
213 35 0.0
214 35 1.0
214 35 0.0
214 35 0.0
215 35 1.0
215 35 0.0
215 35 0.0
216 35 1.0
216 35 0.0
216 35 0.0
217 35 1.0
217 35 0.0
217 35 0.0
218 35 0.991034
218 21 0.008966
218 35 0.0
219 35 0.986498
219 21 0.013502
219 35 0.0
220 35 1.0
220 35 0.0
220 35 0.0
221 35 0.818182
221 36 0.181818
221 35 0.0
222 35 0.818182
222 36 0.181818
222 35 0.0
223 35 0.991054
223 33 0.008946
223 35 0.0
224 35 0.986324
224 33 0.013676
224 35 0.0
225 35 0.818182
225 36 0.181818
225 35 0.0
226 35 0.818182
226 36 0.181818
226 35 0.0
227 35 1.0
227 35 0.0
227 35 0.0
228 35 1.0
228 35 0.0
228 35 0.0
229 35 1.0
229 35 0.0
229 35 0.0
230 35 1.0
230 35 0.0
230 35 0.0
231 35 1.0
231 35 0.0
231 35 0.0
232 35 1.0
232 35 0.0
232 35 0.0
233 35 1.0
233 35 0.0
233 35 0.0
234 35 1.0
234 35 0.0
234 35 0.0
235 35 1.0
235 35 0.0
235 35 0.0
236 35 1.0
236 35 0.0
236 35 0.0
237 35 1.0
237 35 0.0
237 35 0.0
238 35 1.0
238 35 0.0
238 35 0.0
239 35 1.0
239 35 0.0
239 35 0.0
240 35 1.0
240 35 0.0
240 35 0.0
241 35 1.0
241 35 0.0
241 35 0.0
242 35 1.0
242 35 0.0
242 35 0.0
243 35 1.0
243 35 0.0
243 35 0.0
244 35 1.0
244 35 0.0
244 35 0.0
245 35 1.0
245 35 0.0
245 35 0.0
246 35 1.0
246 35 0.0
246 35 0.0
247 35 1.0
247 35 0.0
247 35 0.0
248 35 1.0
248 35 0.0
248 35 0.0
249 35 1.0
249 35 0.0
249 35 0.0
250 35 1.0
250 35 0.0
250 35 0.0
251 35 1.0
251 35 0.0
251 35 0.0
252 35 1.0
252 35 0.0
252 35 0.0
253 35 1.0
253 35 0.0
253 35 0.0
254 35 1.0
254 35 0.0
254 35 0.0
255 35 1.0
255 35 0.0
255 35 0.0
256 35 1.0
256 35 0.0
256 35 0.0
257 35 1.0
257 35 0.0
257 35 0.0
258 35 1.0
258 35 0.0
258 35 0.0
259 35 1.0
259 35 0.0
259 35 0.0
260 35 1.0
260 35 0.0
260 35 0.0
261 35 1.0
261 35 0.0
261 35 0.0
262 35 1.0
262 35 0.0
262 35 0.0
263 35 1.0
263 35 0.0
263 35 0.0
264 35 1.0
264 35 0.0
264 35 0.0
265 35 1.0
265 35 0.0
265 35 0.0
266 35 1.0
266 35 0.0
266 35 0.0
267 35 1.0
267 35 0.0
267 35 0.0
268 35 1.0
268 35 0.0
268 35 0.0
269 35 1.0
269 35 0.0
269 35 0.0
270 35 1.0
270 35 0.0
270 35 0.0
271 35 1.0
271 35 0.0
271 35 0.0
272 35 1.0
272 35 0.0
272 35 0.0
273 35 1.0
273 35 0.0
273 35 0.0
274 35 1.0
274 35 0.0
274 35 0.0
275 35 1.0
275 35 0.0
275 35 0.0
276 35 1.0
276 35 0.0
276 35 0.0
277 35 1.0
277 35 0.0
277 35 0.0
278 35 1.0
278 35 0.0
278 35 0.0
279 35 1.0
279 35 0.0
279 35 0.0
280 35 1.0
280 35 0.0
280 35 0.0
281 35 1.0
281 35 0.0
281 35 0.0
282 35 1.0
282 35 0.0
282 35 0.0
283 35 1.0
283 35 0.0
283 35 0.0
284 35 1.0
284 35 0.0
284 35 0.0
285 35 1.0
285 35 0.0
285 35 0.0
286 35 1.0
286 35 0.0
286 35 0.0
287 35 1.0
287 35 0.0
287 35 0.0
288 35 1.0
288 35 0.0
288 35 0.0
289 35 1.0
289 35 0.0
289 35 0.0
290 35 1.0
290 35 0.0
290 35 0.0
291 35 1.0
291 35 0.0
291 35 0.0
292 35 1.0
292 35 0.0
292 35 0.0
293 35 1.0
293 35 0.0
293 35 0.0
294 35 1.0
294 35 0.0
294 35 0.0
295 35 1.0
295 35 0.0
295 35 0.0
296 35 1.0
296 35 0.0
296 35 0.0
297 35 1.0
297 35 0.0
297 35 0.0
298 35 1.0
298 35 0.0
298 35 0.0
299 35 1.0
299 35 0.0
299 35 0.0
300 35 1.0
300 35 0.0
300 35 0.0
301 35 1.0
301 35 0.0
301 35 0.0
302 35 1.0
302 35 0.0
302 35 0.0
303 35 1.0
303 35 0.0
303 35 0.0
304 35 1.0
304 35 0.0
304 35 0.0
305 35 1.0
305 35 0.0
305 35 0.0
306 35 1.0
306 35 0.0
306 35 0.0
307 35 1.0
307 35 0.0
307 35 0.0
308 35 1.0
308 35 0.0
308 35 0.0
309 35 1.0
309 35 0.0
309 35 0.0
310 35 1.0
310 35 0.0
310 35 0.0
311 35 1.0
311 35 0.0
311 35 0.0
312 35 1.0
312 35 0.0
312 35 0.0
313 35 1.0
313 35 0.0
313 35 0.0
314 35 1.0
314 35 0.0
314 35 0.0
315 35 1.0
315 35 0.0
315 35 0.0
316 35 1.0
316 35 0.0
316 35 0.0
317 35 1.0
317 35 0.0
317 35 0.0
318 35 1.0
318 35 0.0
318 35 0.0
319 35 1.0
319 35 0.0
319 35 0.0
320 35 1.0
320 35 0.0
320 35 0.0
321 35 1.0
321 35 0.0
321 35 0.0
322 35 1.0
322 35 0.0
322 35 0.0
323 35 1.0
323 35 0.0
323 35 0.0
324 35 1.0
324 35 0.0
324 35 0.0
325 35 1.0
325 35 0.0
325 35 0.0
326 35 1.0
326 35 0.0
326 35 0.0
327 35 1.0
327 35 0.0
327 35 0.0
328 35 1.0
328 35 0.0
328 35 0.0
329 35 1.0
329 35 0.0
329 35 0.0
330 35 1.0
330 35 0.0
330 35 0.0
331 35 1.0
331 35 0.0
331 35 0.0
332 35 1.0
332 35 0.0
332 35 0.0
333 35 1.0
333 35 0.0
333 35 0.0
334 35 1.0
334 35 0.0
334 35 0.0
335 35 1.0
335 35 0.0
335 35 0.0
336 35 1.0
336 35 0.0
336 35 0.0
337 35 1.0
337 35 0.0
337 35 0.0
338 35 1.0
338 35 0.0
338 35 0.0
339 35 1.0
339 35 0.0
339 35 0.0
340 35 1.0
340 35 0.0
340 35 0.0
341 35 1.0
341 35 0.0
341 35 0.0
342 35 1.0
342 35 0.0
342 35 0.0
343 35 1.0
343 35 0.0
343 35 0.0
344 35 1.0
344 35 0.0
344 35 0.0
345 35 1.0
345 35 0.0
345 35 0.0
346 35 1.0
346 35 0.0
346 35 0.0
347 35 1.0
347 35 0.0
347 35 0.0
348 35 1.0
348 35 0.0
348 35 0.0
349 35 1.0
349 35 0.0
349 35 0.0
350 35 1.0
350 35 0.0
350 35 0.0
351 35 1.0
351 35 0.0
351 35 0.0
352 35 1.0
352 35 0.0
352 35 0.0
353 35 1.0
353 35 0.0
353 35 0.0
354 35 1.0
354 35 0.0
354 35 0.0
355 35 1.0
355 35 0.0
355 35 0.0
356 35 1.0
356 35 0.0
356 35 0.0
357 35 1.0
357 35 0.0
357 35 0.0
358 35 1.0
358 35 0.0
358 35 0.0
359 35 1.0
359 35 0.0
359 35 0.0
360 35 1.0
360 35 0.0
360 35 0.0
361 35 1.0
361 35 0.0
361 35 0.0
362 35 1.0
362 35 0.0
362 35 0.0
363 35 1.0
363 35 0.0
363 35 0.0
364 35 1.0
364 35 0.0
364 35 0.0
365 35 1.0
365 35 0.0
365 35 0.0
366 35 1.0
366 35 0.0
366 35 0.0
367 35 1.0
367 35 0.0
367 35 0.0
368 35 1.0
368 35 0.0
368 35 0.0
369 35 1.0
369 35 0.0
369 35 0.0
370 35 1.0
370 35 0.0
370 35 0.0
371 35 1.0
371 35 0.0
371 35 0.0
372 35 1.0
372 35 0.0
372 35 0.0
373 35 1.0
373 35 0.0
373 35 0.0
374 35 1.0
374 35 0.0
374 35 0.0
375 35 1.0
375 35 0.0
375 35 0.0
376 35 1.0
376 35 0.0
376 35 0.0
377 35 1.0
377 35 0.0
377 35 0.0
378 35 1.0
378 35 0.0
378 35 0.0
379 35 1.0
379 35 0.0
379 35 0.0
380 35 1.0
380 35 0.0
380 35 0.0
381 35 1.0
381 35 0.0
381 35 0.0
382 35 1.0
382 35 0.0
382 35 0.0
383 35 1.0
383 35 0.0
383 35 0.0
384 35 1.0
384 35 0.0
384 35 0.0
385 35 1.0
385 35 0.0
385 35 0.0
386 35 1.0
386 35 0.0
386 35 0.0
387 35 1.0
387 35 0.0
387 35 0.0
388 35 1.0
388 35 0.0
388 35 0.0
389 35 1.0
389 35 0.0
389 35 0.0
390 35 1.0
390 35 0.0
390 35 0.0
391 35 1.0
391 35 0.0
391 35 0.0
392 35 1.0
392 35 0.0
392 35 0.0
393 35 1.0
393 35 0.0
393 35 0.0
394 35 1.0
394 35 0.0
394 35 0.0
395 35 1.0
395 35 0.0
395 35 0.0
396 35 1.0
396 35 0.0
396 35 0.0
397 35 1.0
397 35 0.0
397 35 0.0
398 35 1.0
398 35 0.0
398 35 0.0
399 35 1.0
399 35 0.0
399 35 0.0
400 35 1.0
400 35 0.0
400 35 0.0
401 35 1.0
401 35 0.0
401 35 0.0
402 35 1.0
402 35 0.0
402 35 0.0
403 35 1.0
403 35 0.0
403 35 0.0
404 35 1.0
404 35 0.0
404 35 0.0
405 35 1.0
405 35 0.0
405 35 0.0
406 35 1.0
406 35 0.0
406 35 0.0
407 35 1.0
407 35 0.0
407 35 0.0
408 35 1.0
408 35 0.0
408 35 0.0
409 35 1.0
409 35 0.0
409 35 0.0
410 35 1.0
410 35 0.0
410 35 0.0
411 35 1.0
411 35 0.0
411 35 0.0
412 35 1.0
412 35 0.0
412 35 0.0
413 35 1.0
413 35 0.0
413 35 0.0
414 35 1.0
414 35 0.0
414 35 0.0
415 35 1.0
415 35 0.0
415 35 0.0
416 35 1.0
416 35 0.0
416 35 0.0
417 35 1.0
417 35 0.0
417 35 0.0
418 35 1.0
418 35 0.0
418 35 0.0
419 35 1.0
419 35 0.0
419 35 0.0
420 35 1.0
420 35 0.0
420 35 0.0
421 35 1.0
421 35 0.0
421 35 0.0
422 35 1.0
422 35 0.0
422 35 0.0
423 35 1.0
423 35 0.0
423 35 0.0
424 35 1.0
424 35 0.0
424 35 0.0
425 35 1.0
425 35 0.0
425 35 0.0
426 35 1.0
426 35 0.0
426 35 0.0
427 35 1.0
427 35 0.0
427 35 0.0
428 35 1.0
428 35 0.0
428 35 0.0
429 35 1.0
429 35 0.0
429 35 0.0
430 35 1.0
430 35 0.0
430 35 0.0
431 35 1.0
431 35 0.0
431 35 0.0
432 35 1.0
432 35 0.0
432 35 0.0
433 35 1.0
433 35 0.0
433 35 0.0
434 35 1.0
434 35 0.0
434 35 0.0
435 35 1.0
435 35 0.0
435 35 0.0
436 35 1.0
436 35 0.0
436 35 0.0
437 35 1.0
437 35 0.0
437 35 0.0
438 35 1.0
438 35 0.0
438 35 0.0
439 35 1.0
439 35 0.0
439 35 0.0
440 35 1.0
440 35 0.0
440 35 0.0
441 35 1.0
441 35 0.0
441 35 0.0
442 35 1.0
442 35 0.0
442 35 0.0
443 35 1.0
443 35 0.0
443 35 0.0
444 35 1.0
444 35 0.0
444 35 0.0
445 35 1.0
445 35 0.0
445 35 0.0
446 35 1.0
446 35 0.0
446 35 0.0
447 35 1.0
447 35 0.0
447 35 0.0
448 35 1.0
448 35 0.0
448 35 0.0
449 35 1.0
449 35 0.0
449 35 0.0
450 35 1.0
450 35 0.0
450 35 0.0
451 35 1.0
451 35 0.0
451 35 0.0
452 35 1.0
452 35 0.0
452 35 0.0
453 35 1.0
453 35 0.0
453 35 0.0
454 35 1.0
454 35 0.0
454 35 0.0
455 35 1.0
455 35 0.0
455 35 0.0
456 35 1.0
456 35 0.0
456 35 0.0
457 35 1.0
457 35 0.0
457 35 0.0
458 35 1.0
458 35 0.0
458 35 0.0
459 35 1.0
459 35 0.0
459 35 0.0
460 35 1.0
460 35 0.0
460 35 0.0
461 35 1.0
461 35 0.0
461 35 0.0
462 35 1.0
462 35 0.0
462 35 0.0
463 35 1.0
463 35 0.0
463 35 0.0
464 35 1.0
464 35 0.0
464 35 0.0
465 35 1.0
465 35 0.0
465 35 0.0
466 35 1.0
466 35 0.0
466 35 0.0
467 35 1.0
467 35 0.0
467 35 0.0
468 35 1.0
468 35 0.0
468 35 0.0
469 35 1.0
469 35 0.0
469 35 0.0
470 35 1.0
470 35 0.0
470 35 0.0
471 35 1.0
471 35 0.0
471 35 0.0
472 35 1.0
472 35 0.0
472 35 0.0
473 35 1.0
473 35 0.0
473 35 0.0
474 35 1.0
474 35 0.0
474 35 0.0
475 35 1.0
475 35 0.0
475 35 0.0
476 35 1.0
476 35 0.0
476 35 0.0
477 35 1.0
477 35 0.0
477 35 0.0
478 35 1.0
478 35 0.0
478 35 0.0
479 35 1.0
479 35 0.0
479 35 0.0
480 35 1.0
480 35 0.0
480 35 0.0
481 35 1.0
481 35 0.0
481 35 0.0
482 35 1.0
482 35 0.0
482 35 0.0
483 35 1.0
483 35 0.0
483 35 0.0
484 35 1.0
484 35 0.0
484 35 0.0
485 35 1.0
485 35 0.0
485 35 0.0
486 35 1.0
486 35 0.0
486 35 0.0
487 35 1.0
487 35 0.0
487 35 0.0
488 35 1.0
488 35 0.0
488 35 0.0
489 35 1.0
489 35 0.0
489 35 0.0
490 35 1.0
490 35 0.0
490 35 0.0
491 35 1.0
491 35 0.0
491 35 0.0
492 35 1.0
492 35 0.0
492 35 0.0
493 35 1.0
493 35 0.0
493 35 0.0
494 35 1.0
494 35 0.0
494 35 0.0
495 35 1.0
495 35 0.0
495 35 0.0
496 35 1.0
496 35 0.0
496 35 0.0
497 35 1.0
497 35 0.0
497 35 0.0
498 35 1.0
498 35 0.0
498 35 0.0
499 35 1.0
499 35 0.0
499 35 0.0
500 35 1.0
500 35 0.0
500 35 0.0
501 35 1.0
501 35 0.0
501 35 0.0
502 35 1.0
502 35 0.0
502 35 0.0
503 35 1.0
503 35 0.0
503 35 0.0
504 35 1.0
504 35 0.0
504 35 0.0
505 35 1.0
505 35 0.0
505 35 0.0
506 35 1.0
506 35 0.0
506 35 0.0
507 35 1.0
507 35 0.0
507 35 0.0
508 35 1.0
508 35 0.0
508 35 0.0
509 35 1.0
509 35 0.0
509 35 0.0
510 35 1.0
510 35 0.0
510 35 0.0
511 35 1.0
511 35 0.0
511 35 0.0
512 35 1.0
512 35 0.0
512 35 0.0
513 35 1.0
513 35 0.0
513 35 0.0
514 35 1.0
514 35 0.0
514 35 0.0
515 35 1.0
515 35 0.0
515 35 0.0
516 35 1.0
516 35 0.0
516 35 0.0
517 35 1.0
517 35 0.0
517 35 0.0
518 35 1.0
518 35 0.0
518 35 0.0
519 35 1.0
519 35 0.0
519 35 0.0
520 36 0.71514
520 37 0.28486
520 36 0.0
521 36 0.598563
521 37 0.401437
521 36 0.0
522 35 0.471288
522 36 0.408176
522 37 0.120536
523 35 0.757163
523 36 0.189291
523 37 0.053546
524 36 0.540975
524 37 0.459025
524 36 0.0
525 35 0.452905
525 36 0.373886
525 37 0.173209
526 36 0.517944
526 37 0.482056
526 36 0.0
527 35 0.444271
527 36 0.336923
527 37 0.218806
528 40 0.791267
528 39 0.208733
528 40 0.0
529 40 0.678717
529 39 0.321283
529 40 0.0
530 40 0.738868
530 39 0.261132
530 40 0.0
531 40 0.693231
531 39 0.306769
531 40 0.0
532 40 0.770479
532 39 0.229521
532 40 0.0
533 40 0.717899
533 39 0.282101
533 40 0.0
534 40 0.670011
534 39 0.329989
534 40 0.0
535 40 0.673511
535 39 0.326489
535 40 0.0
536 39 0.46248
536 38 0.274873
536 37 0.262647
537 37 0.4002082203029459
537 39 0.34750271796622806
537 38 0.25228906173082605
538 39 0.4408634367304073
538 37 0.2834794700451929
538 38 0.2756570932243998
539 39 0.444228
539 38 0.300122
539 37 0.25565
540 37 1.0
540 37 0.0
540 37 0.0
541 37 0.855989
541 21 0.144011
541 37 0.0
542 37 1.0
542 37 0.0
542 37 0.0
543 37 0.797773
543 36 0.202227
543 37 0.0
544 37 0.779261
544 36 0.220739
544 37 0.0
545 39 0.44465827835392463
545 40 0.44465827835392463
545 38 0.11068344329215073
546 39 0.43839187014359987
546 40 0.43839187014359987
546 38 0.12321625971280026
547 39 0.4411920274426551
547 40 0.4411920274426551
547 38 0.1176159451146898
548 39 0.4268686390433373
548 40 0.42286403841399794
548 38 0.15026732254266476
549 39 0.4607551147381857
549 40 0.3889210783443835
549 37 0.15032380691743083
550 39 0.4442697325168841
550 40 0.4442697325168841
550 38 0.11146053496623182
551 39 0.4429042696528819
551 40 0.43899922934852026
551 38 0.11809650099859778
552 37 1.0
552 37 0.0
552 37 0.0
553 37 0.5810690000000001
553 21 0.3393090000000001
553 20 0.07962200000000001
554 37 1.0
554 37 0.0
554 37 0.0
555 21 0.48469451530548474
555 37 0.42212157787842214
555 20 0.09318390681609319
556 38 0.5940813395845412
556 21 0.27183188465984853
556 20 0.1340867757556103
557 21 0.44233968692125625
557 37 0.34999472645019786
557 20 0.20766558662854587
558 21 0.589575
558 20 0.410425
558 21 0.0
559 21 0.589575
559 20 0.410425
559 21 0.0
560 21 0.589575
560 20 0.410425
560 21 0.0
561 37 0.535198
561 21 0.409262
561 20 0.05554
562 38 0.44586162213577857
562 21 0.291463574365163
562 37 0.2626748034990583
563 38 0.5514874487738103
563 21 0.25537955961670505
563 20 0.1931329916094848
564 37 0.4488193703072898
564 21 0.3605131422370111
564 38 0.19066748745569917
565 20 0.6182089221971828
565 21 0.19611480879758222
565 38 0.18567626900523498
566 20 0.6520164474579964
566 38 0.20369229931357208
566 21 0.14429125322843156
567 20 0.7227376021248159
567 21 0.14057887556130588
567 38 0.1366835223138783
568 20 0.45102712232276493
568 37 0.301876535539804
568 21 0.24709634213743104
569 20 0.721241335255126
569 21 0.22440703731930128
569 37 0.05435162742557265
570 20 0.776923
570 21 0.190035
570 37 0.033042
571 20 0.749825
571 21 0.250175
571 20 0.0
572 20 0.7273970000000001
572 21 0.25219900000000006
572 37 0.020404000000000002
573 20 0.7697307697307697
573 21 0.17387517387517387
573 37 0.05639405639405639
574 20 0.43415906404228133
574 21 0.2990951065781034
574 37 0.2667458293796152
575 20 0.858296
575 19 0.141704
575 20 0.0
576 20 0.881423
576 19 0.118577
576 20 0.0
577 20 0.75992
577 19 0.24008
577 20 0.0
578 20 0.897958
578 19 0.102042
578 20 0.0
579 20 0.878188
579 19 0.121812
579 20 0.0
580 20 0.848649
580 19 0.151351
580 20 0.0
581 20 0.852318
581 19 0.147682
581 20 0.0
582 20 0.784939
582 19 0.215061
582 20 0.0
583 19 0.627453
583 18 0.372547
583 19 0.0
584 20 0.736322
584 19 0.263678
584 20 0.0
585 20 0.756351
585 19 0.243649
585 20 0.0
586 20 0.7783247783247783
586 19 0.21853721853721855
586 37 0.0031380031380031383
587 20 0.486995
587 21 0.261603
587 37 0.251402
588 20 0.649876
588 21 0.350124
588 20 0.0
589 19 0.567151
589 18 0.432849
589 19 0.0
590 19 0.632144
590 18 0.367856
590 19 0.0
591 19 0.675284
591 18 0.324716
591 19 0.0
592 19 0.685797
592 18 0.314203
592 19 0.0
593 19 0.631884
593 18 0.368116
593 19 0.0
594 18 0.553903
594 19 0.41519
594 13 0.030907
595 18 0.65718
595 19 0.30273
595 13 0.04009
596 18 0.662985
596 19 0.337015
596 18 0.0
597 18 0.542867
597 19 0.457133
597 18 0.0
598 18 0.628969
598 19 0.371031
598 18 0.0
599 12 0.87937
599 13 0.12063
599 12 0.0
600 18 1.0
600 18 0.0
600 18 0.0
601 18 0.565415
601 17 0.434585
601 18 0.0
602 12 0.56563
602 13 0.266962
602 18 0.167408
603 18 1.0
603 18 0.0
603 18 0.0
604 12 0.5151710819986404
604 18 0.2484564218665715
604 13 0.23637249613478814
605 19 0.443176
605 18 0.437444
605 13 0.11938
606 12 0.8985568985568986
606 13 0.0899000899000899
606 18 0.011543011543011543
607 11 1.0
607 11 0.0
607 11 0.0
608 11 1.0
608 11 0.0
608 11 0.0
609 11 1.0
609 11 0.0
609 11 0.0
610 11 1.0
610 11 0.0
610 11 0.0
611 11 1.0
611 11 0.0
611 11 0.0
612 12 0.7958397281072429
612 13 0.14484214337734583
612 18 0.05931812851541123
613 15 0.8
613 16 0.2
613 15 0.0
614 15 0.8
614 16 0.2
614 15 0.0
615 15 0.8
615 16 0.2
615 15 0.0
616 15 0.8
616 16 0.2
616 15 0.0
617 15 0.8
617 16 0.2
617 15 0.0
618 15 0.8
618 16 0.2
618 15 0.0
619 15 0.8
619 16 0.2
619 15 0.0
620 19 0.593551
620 18 0.406449
620 19 0.0
621 18 0.667725
621 19 0.332275
621 18 0.0
622 18 0.561096
622 17 0.398917
622 13 0.039987
623 15 0.8
623 16 0.2
623 15 0.0
624 36 0.522313
624 37 0.477687
624 36 0.0
625 36 0.737075
625 37 0.262925
625 36 0.0
626 35 0.886413
626 37 0.093889
626 36 0.019698
627 19 0.640388
627 20 0.359612
627 19 0.0
628 19 0.553481
628 20 0.446519
628 19 0.0
629 20 0.51768
629 19 0.48232
629 20 0.0
630 20 0.542315
630 19 0.457685
630 20 0.0
631 20 0.583821
631 19 0.416179
631 20 0.0
632 20 0.610798
632 19 0.389202
632 20 0.0
633 20 0.571673
633 19 0.428327
633 20 0.0
634 19 0.579095
634 20 0.420905
634 19 0.0
635 19 0.683232
635 20 0.316768
635 19 0.0
636 19 0.764405
636 20 0.235595
636 19 0.0
637 19 0.761603
637 20 0.238397
637 19 0.0
638 19 0.701647
638 20 0.298353
638 19 0.0
639 20 0.7777465810079676
639 37 0.1350356669975993
639 19 0.08721775199443306
640 20 0.91286
640 19 0.08714
640 20 0.0
641 20 0.928388
641 19 0.054448
641 37 0.017164
642 20 0.994224
642 37 0.005776
642 20 0.0
643 20 1.0
643 20 0.0
643 20 0.0
644 20 0.9639530000000001
644 21 0.022076000000000002
644 37 0.013971000000000003
645 20 0.970961
645 37 0.022259
645 19 0.00678
646 20 0.94714
646 37 0.04072
646 19 0.01214
647 20 0.9244640000000001
647 37 0.04462700000000001
647 19 0.030909000000000002
648 20 0.8212880792670353
648 37 0.1232054829517737
648 19 0.05550643778119087
649 20 0.7438158876678234
649 37 0.1957155485529648
649 19 0.06046856377921182
650 20 0.764201792360836
650 37 0.1646977319687431
650 19 0.071100475670421
651 19 0.924782
651 18 0.075218
651 19 0.0
652 19 0.9124
652 18 0.0876
652 19 0.0
653 19 0.915187
653 18 0.084813
653 19 0.0
654 19 0.8616488616488617
654 18 0.13835113835113835
654 19 0.0
655 15 0.5
655 16 0.5
655 15 0.0
656 15 0.5
656 16 0.5
656 15 0.0
657 15 0.5
657 16 0.5
657 15 0.0
658 15 0.5
658 16 0.5
658 15 0.0
659 15 0.5
659 16 0.5
659 15 0.0
660 15 0.5
660 16 0.5
660 15 0.0
661 15 0.5
661 16 0.5
661 15 0.0
662 15 0.5
662 16 0.5
662 15 0.0
663 16 0.5
663 17 0.5
663 16 0.0
664 16 0.5
664 17 0.5
664 16 0.0
665 16 0.5
665 17 0.5
665 16 0.0
666 16 0.5
666 17 0.5
666 16 0.0
667 16 0.5
667 17 0.5
667 16 0.0
668 16 0.5
668 17 0.5
668 16 0.0
669 16 0.5
669 17 0.5
669 16 0.0
670 17 0.8
670 16 0.2
670 17 0.0
671 17 0.8
671 16 0.2
671 17 0.0
672 17 0.8
672 16 0.2
672 17 0.0
673 17 0.8
673 16 0.2
673 17 0.0
674 16 0.5
674 17 0.5
674 16 0.0
675 17 0.8
675 16 0.2
675 17 0.0
676 16 0.5
676 17 0.5
676 16 0.0
677 15 0.5
677 16 0.5
677 15 0.0
678 13 0.634277
678 18 0.229498
678 17 0.136225
679 11 0.745091
679 12 0.254909
679 11 0.0
680 11 0.774835
680 12 0.225165
680 11 0.0
681 11 0.750792
681 12 0.249208
681 11 0.0
682 11 0.749258
682 12 0.250742
682 11 0.0
683 11 0.716766
683 12 0.283234
683 11 0.0
684 18 0.6178886178886179
684 13 0.3755913755913756
684 12 0.00652000652000652
685 18 0.989552
685 13 0.010448
685 18 0.0
686 18 1.0
686 18 0.0
686 18 0.0
687 18 1.0
687 18 0.0
687 18 0.0
688 18 1.0
688 18 0.0
688 18 0.0
689 18 1.0
689 18 0.0
689 18 0.0
690 18 0.893433
690 13 0.106567
690 18 0.0
691 18 0.8008421991578009
691 13 0.1831048168951831
691 12 0.016052983947016056
692 18 0.6711283288716711
692 13 0.3215716784283216
692 12 0.0072999927000072995
693 18 0.541645
693 17 0.458355
693 18 0.0
694 18 0.582539
694 17 0.417461
694 18 0.0
695 18 0.555525
695 17 0.444475
695 18 0.0
696 17 0.8
696 16 0.2
696 17 0.0
697 21 0.5235
697 20 0.4765
697 21 0.0
698 20 0.515303
698 21 0.484697
698 20 0.0
699 20 0.470545
699 21 0.442982
699 37 0.086473
700 20 0.522801
700 21 0.477199
700 20 0.0
701 20 0.54245
701 21 0.45755
701 20 0.0
702 20 0.4429876111310661
702 21 0.39028975373164465
702 37 0.16672263513728924
703 38 0.38508671194021477
703 20 0.3455730931791788
703 21 0.26934019488060645
704 38 0.4577846686751674
704 20 0.3228849813582788
704 21 0.21933034996655382
705 20 0.37099691709431976
705 38 0.340600465407041
705 21 0.28840261749863916
706 37 0.3790451501404191
706 21 0.3754965833248059
706 20 0.24545826653477504
707 37 0.41025601385195726
707 21 0.3359584029023149
707 20 0.253785583245728
708 21 0.366921
708 37 0.351527
708 20 0.281552
709 19 0.686971
709 20 0.313029
709 19 0.0
710 19 0.675303
710 20 0.324697
710 19 0.0
711 19 0.678938
711 20 0.321062
711 19 0.0
712 21 0.589575
712 20 0.410425
712 21 0.0
713 21 0.589575
713 20 0.410425
713 21 0.0
714 20 0.780926
714 19 0.219074
714 20 0.0
715 37 0.575229
715 21 0.292
715 20 0.132771
716 37 0.49283066513058416
716 36 0.3123831272498539
716 21 0.19478620761956206
717 19 0.9817
717 20 0.0183
717 19 0.0
718 19 0.974108
718 20 0.025892
718 19 0.0
719 19 0.995055
719 20 0.004945
719 19 0.0
720 19 0.892083
720 20 0.107917
720 19 0.0
721 19 0.882652
721 20 0.117348
721 19 0.0
