keyframes
0
0.2083333
0.4166666
0.625
0.8333333
time 0
0 1 0 0 0 0 -0.06466547 -0.997907 0 0 0.997907 -0.06466556 3.810999 0 0 0 1
1 0.9993046 0.03491094 0.01309918 0 -0.03495908 0.9993825 0.003465008 1.482404 -0.01297013 -0.003920514 0.9999081 0 0 0 0 1
2 -1 -1.41561e-7 6.04428e-7 0 4.09782e-8 0.9532991 0.3020283 1.295161 -6.20261e-7 0.3020284 -0.953299 -1.49012e-8 0 0 0 1
3 1 2.6077e-8 -2.48197e-7 0 -8.9407e-8 0.9715177 -0.2369666 0.3023291 2.34693e-7 0.2369667 0.9715178 0 0 0 0 1
4 -0.822769 0.4583885 -0.3360501 0.9250668 0.08532289 -0.4849372 -0.8703769 0.7715869 -0.561934 -0.7447926 0.3598808 -0.1557154 0 0 0 1
5 -0.2276014 -0.2928599 -0.9286713 -1.49012e-8 -0.9330001 -0.2074347 0.2940778 1.480745 -0.2787623 0.9333829 -0.2260257 0 0 0 0 1
6 0.861381 0.5059222 -0.04544517 2.38419e-7 -0.498717 0.8593059 0.113466 1.083281 0.09645648 -0.07507329 0.992502 -1.19209e-7 0 0 0 1
7 -0.9464064 -0.1595616 0.2808102 -0.9250667 0.2500252 -0.9123322 0.3242491 0.7715874 0.2044542 0.3770811 0.9033318 -0.1557163 0 0 0 1
8 0.1030234 0.007118091 -0.9946533 -4.76837e-7 -0.8457912 -0.5256322 -0.09136619 1.480745 -0.5234722 0.8506821 -0.048132 -1.19209e-7 0 0 0 1
9 0.7753961 0.239151 0.584438 2.38419e-7 -0.1806425 0.97084 -0.1576008 1.083282 -0.6050862 0.01662852 0.7959864 -2.38419e-7 0 0 0 1
10 -0.9999335 0.01149706 -8.33523e-4 0.5668193 -0.004543657 -0.3266424 0.9451365 -0.001349211 0.01059344 0.9450753 0.3266706 -0.1043749 0 0 0 1
11 -0.9991999 0.03956689 -0.005827081 0 0.03590458 0.8232864 -0.5664896 1.282773 -0.01761686 -0.5662457 -0.8240483 2.38419e-7 0 0 0 1
12 -0.999561 -0.003725129 -0.02939188 -5.96046e-8 0.02962701 -0.1257103 -0.9916244 1.493333 -9.40351e-7 -0.9920599 0.1257654 0 0 0 0 1
13 -0.9999335 -0.01149644 -8.34029e-4 -0.5668193 0.009099406 -0.7428737 -0.669369 -0.001349211 0.007076312 -0.6693289 0.7429279 -0.1043749 0 0 0 1
14 -0.9993554 -0.03432656 0.01052349 0 -0.02550453 0.4724305 -0.880999 1.282774 0.02527004 -0.8806993 -0.4730012 0 0 0 0 1
15 -0.9995612 -0.02762745 0.01069939 1.19209e-7 -0.02962693 0.9321039 -0.3609768 1.493333 -6.19469e-8 -0.3611353 -0.9325131 -2.38419e-7 0 0 0 1
time 1
0 1 0 0 0 0 -0.06466547 -0.997907 0 0 0.997907 -0.06466556 3.210999 0 0 0 1
1 0.9998261 0.01745315 0.006565253 0 -0.01796665 0.995902 0.08863433 1.482404 -0.004991402 -0.08873689 0.9960426 0 0 0 0 1
2 -1 -1.41561e-7 6.04428e-7 0 4.09782e-8 0.9532991 0.3020283 1.295161 -6.20261e-7 0.3020284 -0.953299 -1.49012e-8 0 0 0 1
3 1 2.6077e-8 -2.48197e-7 0 -8.9407e-8 0.9715177 -0.2369666 0.3023291 2.34693e-7 0.2369667 0.9715178 0 0 0 0 1
4 -0.6521566 0.4401856 -0.6171929 0.9250668 -0.2067903 -0.8865699 -0.4138013 0.7715869 -0.7293342 -0.142234 0.6692094 -0.1557154 0 0 0 1
5 -0.215073 -0.2552761 -0.9426439 -1.49012e-8 -0.9499674 -0.1691865 0.2625611 1.480745 -0.2265083 0.9519505 -0.2061163 0 0 0 0 1
6 0.861381 0.5059222 -0.04544517 2.38419e-7 -0.498717 0.8593059 0.113466 1.083281 0.09645648 -0.07507329 0.992502 -1.19209e-7 0 0 0 1
7 -0.8252107 -0.3381869 0.4523896 -0.9250667 0.1438527 -0.9003648 -0.4106695 0.7715874 0.5461985 -0.2738115 0.7916402 -0.1557163 0 0 0 1
8 0.1153812 0.2706939 -0.9557257 -4.76837e-7 -0.8462172 -0.4770855 -0.2372874 1.480745 -0.5201952 0.8361301 0.1740193 -1.19209e-7 0 0 0 1
9 0.7753961 0.239151 0.584438 2.38419e-7 -0.1806425 0.97084 -0.1576008 1.083282 -0.6050862 0.01662852 0.7959864 -2.38419e-7 0 0 0 1
10 -0.9999335 0.01149672 -8.3339e-4 0.5668193 -0.01137755 -0.9727793 0.2314517 -0.001349211 0.001849675 0.2314466 0.9728423 -0.1043749 0 0 0 1
11 -0.9991626 0.04082242 -0.002717942 0 0.03970191 0.9514061 -0.3053689 1.282773 -0.009880021 -0.3052213 -0.9522303 2.38419e-7 0 0 0 1
12 -0.999561 0.009606031 -0.02802649 -5.96046e-8 0.02962703 0.3240584 -0.9455729 1.493333 -9.87964e-7 -0.9459882 -0.3242009 0 0 0 0 1
13 -0.9999335 -0.01149683 -8.34202e-4 -0.5668193 0.009066201 -0.8290837 0.55905 -0.001349211 -0.00711835 0.5590049 0.8291296 -0.1043749 0 0 0 1
14 -0.9165812 0.1853303 -0.3543049 0 0.3137054 -0.2161184 -0.9245985 1.282774 -0.2479279 -0.9586166 0.1399511 0 0 0 0 1
15 -0.9944165 -0.02385898 0.1027966 1.19209e-7 -0.09517471 0.623565 -0.7759564 1.493333 -0.04558679 -0.781407 -0.6223538 -2.38419e-7 0 0 0 1
time 2
0 1 0 0 0 0 -0.06466547 -0.997907 0 0 0.997907 -0.06466556 3.810999 0 0 0 1
1 1 7.10543e-15 4.76837e-7 0 -3.32178e-9 0.9999756 0.006966256 1.482404 -4.76826e-7 -0.006966259 0.9999757 0 0 0 0 1
2 -1 -1.41561e-7 6.04428e-7 0 4.09782e-8 0.9532991 0.3020283 1.295161 -6.20261e-7 0.3020284 -0.953299 -1.49012e-8 0 0 0 1
3 1 2.6077e-8 -2.48197e-7 0 -8.9407e-8 0.9715177 -0.2369666 0.3023291 2.34693e-7 0.2369667 0.9715178 0 0 0 0 1
4 -0.5383926 0.2047331 -0.8174449 0.9250668 -0.5540751 -0.8168795 0.1603388 0.7715869 -0.6349276 0.5392516 0.5532402 -0.1557154 0 0 0 1
5 -0.2003397 -0.2179828 -0.9551687 -1.49012e-8 -0.9641514 -0.1292837 0.2317282 1.480745 -0.1740005 0.9673514 -0.1842676 0 0 0 0 1
6 0.861381 0.5059222 -0.04544517 2.38419e-7 -0.498717 0.8593059 0.113466 1.083281 0.09645648 -0.07507329 0.992502 -1.19209e-7 0 0 0 1
7 -0.6966315 -0.5802133 0.4219672 -0.9250667 -0.1788583 -0.4291384 -0.885353 0.7715874 0.694776 -0.6922375 0.1951755 -0.1557163 0 0 0 1
8 0.1280717 0.5143471 -0.8479649 -4.76837e-7 -0.8446817 -0.3914846 -0.3650373 1.480745 -0.5197212 0.7630115 0.3843216 -1.19209e-7 0 0 0 1
9 0.7753961 0.239151 0.584438 2.38419e-7 -0.1806425 0.97084 -0.1576008 1.083282 -0.6050862 0.01662852 0.7959864 -2.38419e-7 0 0 0 1
10 -0.9999337 0.01149644 -8.33574e-4 0.5668193 -0.008777983 -0.8063548 -0.5913664 -0.001349211 -0.007471298 -0.5913168 0.8064005 -0.1043749 0 0 0 1
11 -0.9992757 0.03700764 -0.008850927 0 0.02877916 0.5828776 -0.8120503 1.282773 -0.02489304 -0.8117169 -0.5835204 2.38419e-7 0 0 0 1
12 -0.999561 0.008794546 -0.02829162 -5.96046e-8 0.02962702 0.2966828 -0.9545162 1.493333 -9.08972e-7 -0.9549354 -0.2968132 0 0 0 0 1
13 -0.9999335 -0.01149703 -8.3406e-4 -0.5668193 0.002897408 -0.3206993 0.9471762 -0.001349211 -0.0111566 0.9471085 0.3207088 -0.1043749 0 0 0 1
14 -0.9992183 -0.03895055 0.006769582 0 -0.0366651 0.8489661 -0.527174 1.282774 0.01478657 -0.5270101 -0.8497304 0 0 0 0 1
15 -0.9995612 0.00586289 0.02904112 1.19209e-7 -0.02962705 -0.1977941 -0.9797956 1.493333 -2.5714e-7 -0.9802257 0.1978809 -2.38419e-7 0 0 0 1
time 3
0 1 0 0 0 0 -0.06466547 -0.997907 0 0 0.997907 -0.06466556 3.210999 0 0 0 1
1 0.9998261 0.01745315 0.006565254 0 -0.01783032 0.997878 0.0626189 1.482404 -0.005458427 -0.06272509 0.9980159 0 0 0 0 1
2 -1 -1.41561e-7 6.04428e-7 0 4.09782e-8 0.9532991 0.3020283 1.295161 -6.20261e-7 0.3020284 -0.953299 -1.49012e-8 0 0 0 1
3 1 2.6077e-8 -2.48197e-7 0 -8.9407e-8 0.9715177 -0.2369666 0.3023291 2.34693e-7 0.2369667 0.9715178 0 0 0 0 1
4 -0.6521566 0.4401856 -0.6171929 0.9250668 -0.2067903 -0.8865699 -0.4138014 0.7715869 -0.7293342 -0.142234 0.6692094 -0.1557154 0 0 0 1
5 -0.215073 -0.2552762 -0.9426439 -1.49012e-8 -0.9499674 -0.1691866 0.2625612 1.480745 -0.2265084 0.9519504 -0.2061163 0 0 0 0 1
6 0.861381 0.5059222 -0.04544517 2.38419e-7 -0.498717 0.8593059 0.113466 1.083281 0.09645648 -0.07507329 0.992502 -1.19209e-7 0 0 0 1
7 -0.8252108 -0.3381869 0.4523895 -0.9250667 0.1438528 -0.9003648 -0.4106695 0.7715874 0.5461985 -0.2738115 0.7916403 -0.1557163 0 0 0 1
8 0.1153812 0.2706939 -0.9557257 -4.76837e-7 -0.8462172 -0.4770855 -0.2372874 1.480745 -0.5201952 0.8361301 0.1740193 -1.19209e-7 0 0 0 1
9 0.7753961 0.239151 0.584438 2.38419e-7 -0.1806425 0.97084 -0.1576008 1.083282 -0.6050862 0.01662852 0.7959864 -2.38419e-7 0 0 0 1
10 -0.9999336 0.01149682 -8.33394e-4 0.5668193 -0.01017373 -0.84623 0.5327198 -0.001349211 0.00541877 0.5326926 0.8462874 -0.1043749 0 0 0 1
11 -0.9995434 0.02798018 -0.01140959 0 0.005152551 -0.2142347 -0.9767687 1.282773 -0.02977447 -0.9763815 0.2139929 2.38419e-7 0 0 0 1
12 -0.999561 0.01562355 -0.02517276 -5.96046e-8 0.02962707 0.527079 -0.8492995 1.493333 -1.04424e-6 -0.8496724 -0.5273107 0 0 0 0 1
13 -0.9999335 -0.01149673 -8.34206e-4 -0.5668193 0.0109129 -0.9674807 0.2527074 -0.001349211 -0.003711825 0.2526822 0.9675387 -0.1043749 0 0 0 1
14 -0.9991939 -0.03977513 0.005454904 0 -0.03853514 0.9120547 -0.4082542 1.282774 0.01126319 -0.4081353 -0.9128519 0 0 0 0 1
15 -0.9995612 -0.004274427 0.02931682 1.19209e-7 -0.02962682 0.1442225 -0.9891015 1.493333 -2.88034e-7 -0.9895358 -0.1442858 -2.38419e-7 0 0 0 1
time 4
0 1 0 0 0 0 -0.06466547 -0.997907 0 0 0.997907 -0.06466556 3.810999 0 0 0 1
1 0.9993046 0.03491094 0.01309918 0 -0.03495908 0.9993825 0.003465008 1.482404 -0.01297013 -0.003920514 0.9999081 0 0 0 0 1
2 -1 -1.41561e-7 6.04428e-7 0 4.09782e-8 0.9532991 0.3020283 1.295161 -6.20261e-7 0.3020284 -0.953299 -1.49012e-8 0 0 0 1
3 1 2.6077e-8 -2.48197e-7 0 -8.9407e-8 0.9715177 -0.2369666 0.3023291 2.34693e-7 0.2369667 0.9715178 0 0 0 0 1
4 -0.822769 0.4583885 -0.3360501 0.9250668 0.08532289 -0.4849372 -0.8703769 0.7715869 -0.561934 -0.7447926 0.3598808 -0.1557154 0 0 0 1
5 -0.2276014 -0.2928599 -0.9286713 -1.49012e-8 -0.9330001 -0.2074347 0.2940778 1.480745 -0.2787623 0.9333829 -0.2260257 0 0 0 0 1
6 0.861381 0.5059222 -0.04544517 2.38419e-7 -0.498717 0.8593059 0.113466 1.083281 0.09645648 -0.07507329 0.992502 -1.19209e-7 0 0 0 1
7 -0.9464064 -0.1595616 0.2808102 -0.9250667 0.2500252 -0.9123322 0.3242491 0.7715874 0.2044542 0.3770811 0.9033318 -0.1557163 0 0 0 1
8 0.1030234 0.007118091 -0.9946533 -4.76837e-7 -0.8457912 -0.5256322 -0.09136619 1.480745 -0.5234722 0.8506821 -0.048132 -1.19209e-7 0 0 0 1
9 0.7753961 0.239151 0.584438 2.38419e-7 -0.1806425 0.97084 -0.1576008 1.083282 -0.6050862 0.01662852 0.7959864 -2.38419e-7 0 0 0 1
10 -0.9999335 0.01149706 -8.33523e-4 0.5668193 -0.004543657 -0.3266424 0.9451365 -0.001349211 0.01059344 0.9450753 0.3266706 -0.1043749 0 0 0 1
11 -0.9991999 0.03956689 -0.005827081 0 0.03590458 0.8232864 -0.5664896 1.282773 -0.01761686 -0.5662457 -0.8240483 2.38419e-7 0 0 0 1
12 -0.999561 -0.003725129 -0.02939188 -5.96046e-8 0.02962701 -0.1257103 -0.9916244 1.493333 -9.40351e-7 -0.9920599 0.1257654 0 0 0 0 1
13 -0.9999335 -0.01149644 -8.34029e-4 -0.5668193 0.009099406 -0.7428737 -0.669369 -0.001349211 0.007076312 -0.6693289 0.7429279 -0.1043749 0 0 0 1
14 -0.9993554 -0.03432656 0.01052349 0 -0.02550453 0.4724305 -0.880999 1.282774 0.02527004 -0.8806993 -0.4730012 0 0 0 0 1
15 -0.9995612 -0.02762745 0.01069939 1.19209e-7 -0.02962693 0.9321039 -0.3609768 1.493333 -6.19469e-8 -0.3611353 -0.9325131 -2.38419e-7 0 0 0 1
