keyframes
0.000000
0.033333
0.066667
0.100000
0.133333
0.166667
0.200000
0.233333
0.266667
0.300000
0.333333
0.366667
0.400000
0.433333
0.466667
0.500000
0.533333
0.566667
0.600000
0.633333
0.666667
0.700000
0.733333
0.766667
0.800000
0.833333
0.866667
0.900000
0.933333
0.966667
1.000000
1.033333
1.066667
1.100000
1.133333
1.166667
1.200000
1.233333
1.266667
1.300000
1.333333
1.366667
1.400000
1.433333
1.466667
1.500000
1.533333
1.566667
1.600000
1.633333
1.666667
1.700000
1.733333
1.766667
1.800000
1.833333
1.866667
1.900000
1.933333
1.966667
2.000000
2.033333
2.066667
2.100000
2.133333
2.166667
2.200000
2.233333
2.266667
2.300000
2.333333
2.366667
2.400000
2.433333
2.466667
2.500000
2.533333
2.566667
2.600000
time 0
40 0.583688 -0.122624 -0.802666 0.980125 -0.011623 0.987168 -0.159263 82.573692 0.811895 0.102289 0.574772 -1.003084 0.000000 0.000000 0.000000 1.000000
39 0.996475 0.057222 0.061337 0.000000 -0.048942 0.990449 -0.128899 14.652452 -0.068127 0.125443 0.989759 0.432472 0.000000 0.000000 0.000000 1.000000
38 0.998870 -0.040556 0.024793 0.000000 0.041082 0.998933 -0.021096 10.372511 -0.023911 0.022091 0.999470 0.047685 0.000000 0.000000 0.000000 1.000000
37 0.999575 -0.018316 0.022667 -0.000000 0.018403 0.999824 -0.003651 10.084998 -0.022596 0.004067 0.999736 0.302715 0.000000 0.000000 0.000000 1.000000
36 0.985070 0.027001 0.170026 0.000000 -0.032879 0.998952 0.031849 31.685007 -0.168988 -0.036964 0.984925 0.246449 0.000000 0.000000 0.000000 1.000000
35 0.912383 0.079625 0.401518 -0.000000 -0.112643 0.991866 0.059267 11.408890 -0.393533 -0.099302 0.913932 1.920896 0.000000 0.000000 0.000000 1.000000
33 0.982537 0.070533 -0.172178 10.912857 -0.064297 0.997066 0.041541 26.732725 0.174603 -0.029745 0.984190 -2.705630 0.000000 0.000000 0.000000 1.000000
32 0.644960 0.700731 -0.304965 13.894908 -0.701135 0.701325 0.128660 -9.016914 0.304035 0.130841 0.943633 1.215675 0.000000 0.000000 0.000000 1.000000
31 0.043908 0.528304 -0.847919 32.246170 0.027349 0.847784 0.529636 -0.183667 0.998661 -0.046445 0.022775 -2.285661 0.000000 0.000000 0.000000 1.000000
30 0.998267 0.050328 -0.030488 28.013548 -0.050369 0.998730 -0.000593 0.183364 0.030419 0.002128 0.999535 0.670486 0.000000 0.000000 0.000000 1.000000
29 0.150492 0.979231 -0.135865 18.109711 -0.985145 0.160040 0.062260 -0.000038 0.082711 0.124477 0.988769 0.000050 0.000000 0.000000 0.000000 1.000000
28 0.406791 0.910803 -0.070425 4.183721 -0.913386 0.406845 -0.014221 -0.000026 0.015699 0.070111 0.997416 -0.000005 0.000000 0.000000 0.000000 1.000000
27 0.325194 0.945639 -0.003920 3.830242 -0.945187 0.324904 -0.032529 -0.098050 -0.029487 0.014283 0.999463 0.058395 0.000000 0.000000 0.000000 1.000000
25 0.968272 0.249442 -0.015106 6.273973 -0.249822 0.964712 -0.083184 -3.207020 -0.006176 0.084319 0.996420 3.859405 0.000000 0.000000 0.000000 1.000000
24 0.964052 -0.149726 0.219513 5.060122 0.206509 0.942046 -0.264392 -2.921443 -0.167205 0.300219 0.939101 2.921605 0.000000 0.000000 0.000000 1.000000
23 0.986859 -0.073606 -0.143848 5.809099 -0.094522 0.459060 -0.883362 -3.353832 0.131055 0.885351 0.446070 3.353911 0.000000 0.000000 0.000000 1.000000
21 0.942570 -0.046180 -0.330802 -10.912857 0.091014 0.988429 0.121345 26.732725 0.321370 -0.144484 0.935866 -2.705630 0.000000 0.000000 0.000000 1.000000
20 0.616723 -0.781957 0.090530 -13.894908 0.784563 0.619965 0.010244 -9.016914 -0.064136 0.064709 0.995841 1.215675 0.000000 0.000000 0.000000 1.000000
19 0.355181 -0.087508 0.930693 -32.219643 0.028690 0.996160 0.082714 -0.171897 -0.934357 -0.002676 0.356328 -2.634137 0.000000 0.000000 0.000000 1.000000
18 0.860490 -0.155008 0.485314 -28.019154 0.154912 0.987093 0.040609 0.180876 -0.485345 0.040238 0.873396 0.369207 0.000000 0.000000 0.000000 1.000000
17 0.478004 -0.876392 -0.058728 -18.104378 0.878157 0.478255 0.010621 0.000443 0.018779 -0.056650 0.998218 -0.195428 0.000000 0.000000 0.000000 1.000000
16 0.395959 -0.915823 0.066969 -4.916212 0.917807 0.397017 0.002738 0.000190 -0.029096 0.060381 0.997751 -0.053088 0.000000 0.000000 0.000000 1.000000
15 0.514227 -0.857638 -0.005324 -4.301387 0.857331 0.514194 -0.024265 -0.000004 0.023548 0.007913 0.999691 -0.013916 0.000000 0.000000 0.000000 1.000000
13 0.767469 -0.436239 -0.469774 -6.344480 0.194623 0.856737 -0.477623 -3.303541 0.610830 0.275132 0.742421 3.657446 0.000000 0.000000 0.000000 1.000000
12 0.911451 0.353713 0.210105 -4.317011 -0.352694 0.934723 -0.043595 -3.095828 -0.211810 -0.034368 0.976706 3.801934 0.000000 0.000000 0.000000 1.000000
11 0.893985 0.128501 -0.429276 -4.968810 -0.063137 0.984565 0.163237 -4.080473 0.443626 -0.118828 0.888299 3.860468 0.000000 0.000000 0.000000 1.000000
9 0.658511 -0.651072 0.377450 13.025906 -0.004316 0.498272 0.867010 -7.138231 -0.752559 -0.572564 0.325308 0.858406 0.000000 0.000000 0.000000 1.000000
8 0.964611 -0.071778 -0.253719 0.124313 -0.126683 0.717744 -0.684686 -35.765831 0.231251 0.692598 0.683251 3.144568 0.000000 0.000000 0.000000 1.000000
7 0.976783 0.214226 -0.001156 -0.111785 -0.212885 0.970038 -0.117074 -40.173641 -0.023959 0.114602 0.993123 -5.709243 0.000000 0.000000 0.000000 1.000000
6 0.995608 -0.066708 -0.065689 1.284375 0.070090 0.996257 0.050585 -16.831020 0.062068 -0.054967 0.996557 16.756786 0.000000 0.000000 0.000000 1.000000
4 0.738273 0.594823 -0.318023 -13.025906 -0.385832 0.759159 0.524224 -7.138231 0.553250 -0.264317 0.789969 0.858406 0.000000 0.000000 0.000000 1.000000
3 0.995988 0.089429 -0.003349 -0.124313 -0.071136 0.768439 -0.635957 -35.765831 -0.054299 0.633643 0.771717 3.144568 0.000000 0.000000 0.000000 1.000000
2 0.827442 -0.554833 -0.086600 0.111785 0.561001 0.809923 0.171177 -40.173641 -0.024835 -0.190222 0.981427 -5.709243 0.000000 0.000000 0.000000 1.000000
1 0.999793 0.017223 0.010822 -1.284375 -0.017478 0.999561 0.023906 -16.831020 -0.010405 -0.024090 0.999656 16.756786 0.000000 0.000000 0.000000 1.000000
time 1
40 0.573482 -0.117682 -0.810722 1.463354 -0.016053 0.987824 -0.154745 82.346352 0.819061 0.101758 0.564610 -1.223632 0.000000 0.000000 0.000000 1.000000
39 0.996899 0.054303 0.056958 0.000000 -0.046736 0.990844 -0.126663 14.652452 -0.063314 0.123608 0.990309 0.432472 0.000000 0.000000 0.000000 1.000000
38 0.999065 -0.037080 0.022223 0.000000 0.037778 0.998777 -0.031884 10.372511 -0.021013 0.032694 0.999245 0.047685 0.000000 0.000000 0.000000 1.000000
37 0.999664 -0.016227 0.020227 -0.000000 0.016542 0.999743 -0.015481 10.084998 -0.019971 0.015810 0.999676 0.302715 0.000000 0.000000 0.000000 1.000000
36 0.982334 0.035041 0.183824 0.000000 -0.038424 0.999151 0.014872 31.685007 -0.183146 -0.021673 0.982847 0.246449 0.000000 0.000000 0.000000 1.000000
35 0.919263 0.077986 0.385843 -0.000000 -0.116663 0.990118 0.077826 11.408890 -0.375960 -0.116556 0.919276 1.920896 0.000000 0.000000 0.000000 1.000000
33 0.980941 0.095583 -0.169171 10.912857 -0.090113 0.995138 0.039737 26.732725 0.172147 -0.023735 0.984785 -2.705630 0.000000 0.000000 0.000000 1.000000
32 0.651315 0.690976 -0.313594 13.894908 -0.688982 0.711683 0.137157 -9.016914 0.317952 0.126728 0.939599 1.215675 0.000000 0.000000 0.000000 1.000000
31 0.146473 0.455051 -0.878336 32.246170 0.032327 0.885236 0.464017 -0.183667 0.988686 -0.096360 0.114953 -2.285661 0.000000 0.000000 0.000000 1.000000
30 0.996793 0.018414 -0.077876 28.013548 -0.017593 0.999782 0.011217 0.183364 0.078066 -0.009811 0.996900 0.670486 0.000000 0.000000 0.000000 1.000000
29 0.161217 0.977520 -0.135879 18.109711 -0.983426 0.170689 0.061137 -0.000038 0.082956 0.123771 0.988837 0.000050 0.000000 0.000000 0.000000 1.000000
28 0.413715 0.907686 -0.070320 4.183721 -0.910261 0.413791 -0.014172 -0.000026 0.016234 0.069873 0.997424 -0.000005 0.000000 0.000000 0.000000 1.000000
27 0.332309 0.943163 -0.003920 3.830242 -0.942713 0.332015 -0.032528 -0.098050 -0.029378 0.014505 0.999463 0.058395 0.000000 0.000000 0.000000 1.000000
25 0.968947 0.246598 -0.018172 6.273973 -0.247261 0.965771 -0.078419 -3.207020 -0.001787 0.080477 0.996755 3.859405 0.000000 0.000000 0.000000 1.000000
24 0.963889 -0.149850 0.220141 5.060122 0.206856 0.941925 -0.264554 -2.921443 -0.167713 0.300538 0.938909 2.921605 0.000000 0.000000 0.000000 1.000000
23 0.987007 -0.075268 -0.141960 5.809099 -0.091045 0.466003 -0.880086 -3.353832 0.132396 0.881576 0.453096 3.353911 0.000000 0.000000 0.000000 1.000000
21 0.944575 -0.049166 -0.324592 -10.912857 0.092376 0.988578 0.119079 26.732725 0.315030 -0.142464 0.938328 -2.705630 0.000000 0.000000 0.000000 1.000000
20 0.619562 -0.780169 0.086485 -13.894908 0.782370 0.622690 0.012448 -9.016914 -0.063565 0.059951 0.996175 1.215675 0.000000 0.000000 0.000000 1.000000
19 0.397133 -0.085867 0.913736 -32.219643 0.028449 0.996287 0.081259 -0.171897 -0.917320 -0.006276 0.398101 -2.634137 0.000000 0.000000 0.000000 1.000000
18 0.865867 -0.156116 0.475291 -28.019154 0.160468 0.986532 0.031706 0.180876 -0.473840 0.048815 0.879257 0.369207 0.000000 0.000000 0.000000 1.000000
17 0.478005 -0.876392 -0.058728 -18.104378 0.878157 0.478255 0.010621 0.000443 0.018779 -0.056650 0.998217 -0.195428 0.000000 0.000000 0.000000 1.000000
16 0.395959 -0.915823 0.066970 -4.916212 0.917807 0.397017 0.002738 0.000190 -0.029096 0.060381 0.997751 -0.053088 0.000000 0.000000 0.000000 1.000000
15 0.514227 -0.857638 -0.005324 -4.301387 0.857331 0.514194 -0.024264 -0.000004 0.023547 0.007913 0.999691 -0.013916 0.000000 0.000000 0.000000 1.000000
13 0.767469 -0.436239 -0.469774 -6.344480 0.194624 0.856737 -0.477622 -3.303541 0.610830 0.275131 0.742421 3.657446 0.000000 0.000000 0.000000 1.000000
12 0.911451 0.353713 0.210105 -4.317011 -0.352694 0.934723 -0.043595 -3.095828 -0.211810 -0.034368 0.976706 3.801934 0.000000 0.000000 0.000000 1.000000
11 0.893985 0.128501 -0.429276 -4.968810 -0.063137 0.984565 0.163237 -4.080473 0.443626 -0.118828 0.888299 3.860468 0.000000 0.000000 0.000000 1.000000
9 0.660150 -0.656588 0.364819 13.025906 0.006555 0.490709 0.871299 -7.138231 -0.751105 -0.572797 0.328246 0.858406 0.000000 0.000000 0.000000 1.000000
8 0.968322 -0.073861 -0.238532 0.124313 -0.117002 0.709694 -0.694726 -35.765831 0.220598 0.700627 0.678570 3.144568 0.000000 0.000000 0.000000 1.000000
7 0.976036 0.217608 -0.000896 -0.111785 -0.216246 0.969450 -0.115777 -40.173641 -0.024325 0.113197 0.993275 -5.709243 0.000000 0.000000 0.000000 1.000000
6 0.995608 -0.066708 -0.065689 1.284375 0.070089 0.996257 0.050585 -16.831020 0.062069 -0.054967 0.996557 16.756786 0.000000 0.000000 0.000000 1.000000
4 0.733816 0.594676 -0.328441 -13.025906 -0.359949 0.750374 0.554415 -7.138231 0.576151 -0.288617 0.764689 0.858406 0.000000 0.000000 0.000000 1.000000
3 0.992706 0.112800 0.042547 -0.124313 -0.057643 0.754069 -0.654260 -35.765831 -0.105884 0.647036 0.755072 3.144568 0.000000 0.000000 0.000000 1.000000
2 0.833077 -0.544672 -0.096514 0.111785 0.553067 0.817020 0.163077 -40.173641 -0.009969 -0.189235 0.981881 -5.709243 0.000000 0.000000 0.000000 1.000000
1 0.999722 0.016775 -0.016557 -1.284375 -0.016277 0.999424 0.029773 -16.831020 0.017047 -0.029495 0.999420 16.756786 0.000000 0.000000 0.000000 1.000000
time 2
40 0.565339 -0.113002 -0.817081 2.172548 -0.018019 0.988643 -0.149196 81.652115 0.824662 0.099069 0.556883 -1.684766 0.000000 0.000000 0.000000 1.000000
39 0.997890 0.046169 0.045642 -0.000000 -0.040370 0.991867 -0.120704 14.652452 -0.050844 0.118607 0.991639 0.432472 0.000000 0.000000 0.000000 1.000000
38 0.999454 -0.029257 0.015324 0.000000 0.030110 0.997818 -0.058752 10.372511 -0.013571 0.059181 0.998155 0.047685 0.000000 0.000000 0.000000 1.000000
37 0.999835 -0.011953 0.013664 0.000000 0.012558 0.998906 -0.045041 10.084998 -0.013111 0.045206 0.998892 0.302715 0.000000 0.000000 0.000000 1.000000
36 0.975076 0.056537 0.214549 0.000000 -0.051299 0.998235 -0.029909 31.685007 -0.215861 0.018158 0.976255 0.246449 0.000000 0.000000 0.000000 1.000000
35 0.934907 0.073133 0.347276 -0.000000 -0.121641 0.985297 0.119976 11.408890 -0.333396 -0.154409 0.930056 1.920896 0.000000 0.000000 0.000000 1.000000
33 0.973795 0.158447 -0.163147 10.912857 -0.154880 0.987333 0.034434 26.732725 0.166536 -0.008264 0.986001 -2.705630 0.000000 0.000000 0.000000 1.000000
32 0.666704 0.663791 -0.338950 13.894908 -0.654019 0.739133 0.161065 -9.016914 0.357443 0.114297 0.926915 1.215675 0.000000 0.000000 0.000000 1.000000
31 0.397952 0.271389 -0.876346 32.246170 0.037202 0.949684 0.310994 -0.183667 0.916652 -0.156362 0.367832 -2.285661 0.000000 0.000000 0.000000 1.000000
30 0.979806 -0.055800 -0.192008 28.013548 0.060149 0.998047 0.016890 0.183364 0.190691 -0.028098 0.981248 0.670486 0.000000 0.000000 0.000000 1.000000
29 0.191582 0.972038 -0.135787 18.109711 -0.977910 0.200833 0.057945 -0.000038 0.083596 0.121686 0.989042 0.000050 0.000000 0.000000 0.000000 1.000000
28 0.433261 0.898544 -0.070024 4.183721 -0.901094 0.433397 -0.014028 -0.000026 0.017744 0.069176 0.997447 -0.000005 0.000000 0.000000 0.000000 1.000000
27 0.352420 0.935834 -0.003921 3.830242 -0.935391 0.352117 -0.032526 -0.098050 -0.029058 0.015130 0.999463 0.058395 0.000000 0.000000 0.000000 1.000000
25 0.970741 0.238618 -0.026884 6.273973 -0.239895 0.968631 -0.064843 -3.207020 0.010568 0.069395 0.997533 3.859405 0.000000 0.000000 0.000000 1.000000
24 0.963392 -0.150157 0.222102 5.060122 0.207856 0.941571 -0.265029 -2.921443 -0.169329 0.301491 0.938313 2.921605 0.000000 0.000000 0.000000 1.000000
23 0.987357 -0.080009 -0.136836 5.809099 -0.081275 0.485605 -0.870392 -3.353832 0.136088 0.870509 0.472963 3.353911 0.000000 0.000000 0.000000 1.000000
21 0.949855 -0.057186 -0.307417 -10.912857 0.096092 0.988944 0.112942 26.732725 0.297559 -0.136818 0.944849 -2.705630 0.000000 0.000000 0.000000 1.000000
20 0.627404 -0.775044 0.075301 -13.894908 0.776246 0.630162 0.018381 -9.016914 -0.061698 0.046920 0.996991 1.215675 0.000000 0.000000 0.000000 1.000000
19 0.502612 -0.081142 0.860696 -32.219643 0.027965 0.996590 0.077624 -0.171897 -0.864060 -0.014945 0.503167 -2.634137 0.000000 0.000000 0.000000 1.000000
18 0.879509 -0.160180 0.448113 -28.019154 0.175684 0.984421 0.007072 0.180876 -0.442265 0.072506 0.893949 0.369207 0.000000 0.000000 0.000000 1.000000
17 0.478005 -0.876392 -0.058729 -18.104378 0.878157 0.478255 0.010621 0.000443 0.018779 -0.056650 0.998217 -0.195428 0.000000 0.000000 0.000000 1.000000
16 0.395959 -0.915823 0.066969 -4.916212 0.917807 0.397017 0.002738 0.000190 -0.029095 0.060381 0.997751 -0.053088 0.000000 0.000000 0.000000 1.000000
15 0.514227 -0.857638 -0.005324 -4.301387 0.857331 0.514194 -0.024265 -0.000004 0.023548 0.007913 0.999691 -0.013916 0.000000 0.000000 0.000000 1.000000
13 0.767469 -0.436239 -0.469774 -6.344480 0.194623 0.856737 -0.477622 -3.303541 0.610830 0.275131 0.742421 3.657446 0.000000 0.000000 0.000000 1.000000
12 0.911451 0.353713 0.210105 -4.317011 -0.352694 0.934722 -0.043595 -3.095828 -0.211810 -0.034368 0.976706 3.801934 0.000000 0.000000 0.000000 1.000000
11 0.893985 0.128501 -0.429276 -4.968810 -0.063137 0.984565 0.163237 -4.080473 0.443626 -0.118828 0.888299 3.860468 0.000000 0.000000 0.000000 1.000000
9 0.672339 -0.658996 0.337171 13.025906 0.021659 0.472804 0.880901 -7.138231 -0.739927 -0.584962 0.332157 0.858406 0.000000 0.000000 0.000000 1.000000
8 0.974178 -0.077928 -0.211908 0.124313 -0.100407 0.691112 -0.715740 -35.765831 0.202229 0.718535 0.665441 3.144568 0.000000 0.000000 0.000000 1.000000
7 0.974455 0.224582 -0.000512 -0.111785 -0.223164 0.968041 -0.114431 -40.173641 -0.025204 0.111622 0.993431 -5.709243 0.000000 0.000000 0.000000 1.000000
6 0.995608 -0.066707 -0.065689 1.284375 0.070088 0.996257 0.050586 -16.831020 0.062069 -0.054967 0.996557 16.756786 0.000000 0.000000 0.000000 1.000000
4 0.718280 0.598555 -0.354691 -13.025906 -0.301025 0.726963 0.617178 -7.138231 0.627262 -0.336536 0.702343 0.858406 0.000000 0.000000 0.000000 1.000000
3 0.979772 0.177811 0.091819 -0.124313 -0.063386 0.710940 -0.700390 -35.765831 -0.189814 0.680403 0.707829 3.144568 0.000000 0.000000 0.000000 1.000000
2 0.840589 -0.534012 -0.090782 0.111785 0.541631 0.826538 0.153204 -40.173641 -0.006778 -0.177952 0.984016 -5.709243 0.000000 0.000000 0.000000 1.000000
1 0.999142 0.001369 -0.041395 -1.284375 0.000730 0.998717 0.050642 -16.831020 0.041412 -0.050628 0.997859 16.756786 0.000000 0.000000 0.000000 1.000000
time 3
40 0.551348 -0.106890 -0.827399 3.391320 -0.016584 0.990158 -0.138968 80.219696 0.834110 0.090342 0.544149 -2.338077 0.000000 0.000000 0.000000 1.000000
39 0.998960 0.034378 0.029955 0.000000 -0.030814 0.993204 -0.112236 14.652452 -0.033610 0.111196 0.993230 0.432472 0.000000 0.000000 0.000000 1.000000
38 0.999765 -0.020999 0.005316 0.000000 0.021404 0.995395 -0.093440 10.372511 -0.003329 0.093531 0.995611 0.047685 0.000000 0.000000 0.000000 1.000000
37 0.999956 -0.008483 0.004112 -0.000000 0.008797 0.996475 -0.083428 10.084998 -0.003390 0.083461 0.996505 0.302715 0.000000 0.000000 0.000000 1.000000
36 0.965249 0.087511 0.246243 0.000000 -0.066420 0.993476 -0.092707 31.685007 -0.252749 0.073129 0.964764 0.246449 0.000000 0.000000 0.000000 1.000000
35 0.952114 0.065159 0.298719 -0.000000 -0.118637 0.979210 0.164541 11.408890 -0.281787 -0.192100 0.940050 1.920896 0.000000 0.000000 0.000000 1.000000
33 0.957641 0.240243 -0.158770 10.912857 -0.239147 0.970628 0.026263 26.732725 0.160416 0.012818 0.986966 -2.705630 0.000000 0.000000 0.000000 1.000000
32 0.665912 0.632174 -0.396127 13.894908 -0.605024 0.768283 0.209014 -9.016914 0.436471 0.100482 0.894090 1.215675 0.000000 0.000000 0.000000 1.000000
31 0.695589 0.079053 -0.714077 32.246170 0.027440 0.990279 0.136360 -0.183667 0.717916 -0.114445 0.686658 -2.285661 0.000000 0.000000 0.000000 1.000000
30 0.941840 -0.138502 -0.306193 28.013548 0.140451 0.989962 -0.015774 0.183364 0.305304 -0.028148 0.951839 0.670486 0.000000 0.000000 0.000000 1.000000
29 0.238708 0.961627 -0.135248 18.109711 -0.967414 0.247595 0.052974 -0.000038 0.084428 0.118196 0.989395 0.000050 0.000000 0.000000 0.000000 1.000000
28 0.463429 0.883399 -0.069566 4.183721 -0.885907 0.463659 -0.013789 -0.000026 0.020074 0.068019 0.997482 -0.000005 0.000000 0.000000 0.000000 1.000000
27 0.383556 0.923509 -0.003922 3.830242 -0.923077 0.383239 -0.032523 -0.098050 -0.028532 0.016095 0.999463 0.058395 0.000000 0.000000 0.000000 1.000000
25 0.973184 0.226435 -0.040504 6.273973 -0.228124 0.972660 -0.043507 -3.207020 0.029545 0.051581 0.998232 3.859405 0.000000 0.000000 0.000000 1.000000
24 0.962600 -0.150590 0.225220 5.060122 0.209372 0.941065 -0.265633 -2.921443 -0.171944 0.302853 0.937398 2.921605 0.000000 0.000000 0.000000 1.000000
23 0.987710 -0.087457 -0.129540 5.809099 -0.066338 0.515868 -0.854095 -3.353832 0.141522 0.852192 0.503726 3.353911 0.000000 0.000000 0.000000 1.000000
21 0.957137 -0.068701 -0.281371 -10.912857 0.101584 0.989378 0.103984 26.732725 0.271238 -0.128110 0.953949 -2.705630 0.000000 0.000000 0.000000 1.000000
20 0.639049 -0.766945 0.058413 -13.894908 0.766961 0.641123 0.027058 -9.016914 -0.058202 0.027510 0.997926 1.215675 0.000000 0.000000 0.000000 1.000000
19 0.637541 -0.074161 0.766839 -32.219643 0.028349 0.996940 0.072844 -0.171897 -0.769895 -0.024702 0.637693 -2.634137 0.000000 0.000000 0.000000 1.000000
18 0.897084 -0.168959 0.408282 -28.019154 0.198388 0.979649 -0.030492 0.180876 -0.394821 0.108352 0.912347 0.369207 0.000000 0.000000 0.000000 1.000000
17 0.478005 -0.876392 -0.058729 -18.104378 0.878157 0.478255 0.010621 0.000443 0.018779 -0.056650 0.998217 -0.195428 0.000000 0.000000 0.000000 1.000000
16 0.395959 -0.915823 0.066970 -4.916212 0.917807 0.397017 0.002738 0.000190 -0.029096 0.060381 0.997751 -0.053088 0.000000 0.000000 0.000000 1.000000
15 0.514227 -0.857638 -0.005324 -4.301387 0.857331 0.514194 -0.024265 -0.000004 0.023548 0.007913 0.999691 -0.013916 0.000000 0.000000 0.000000 1.000000
13 0.767469 -0.436239 -0.469774 -6.344480 0.194623 0.856737 -0.477623 -3.303541 0.610830 0.275132 0.742421 3.657446 0.000000 0.000000 0.000000 1.000000
12 0.911451 0.353713 0.210105 -4.317011 -0.352695 0.934722 -0.043595 -3.095828 -0.211810 -0.034368 0.976706 3.801934 0.000000 0.000000 0.000000 1.000000
11 0.893985 0.128501 -0.429277 -4.968810 -0.063137 0.984565 0.163237 -4.080473 0.443627 -0.118828 0.888299 3.860468 0.000000 0.000000 0.000000 1.000000
9 0.692278 -0.660326 0.291069 13.025906 0.043913 0.441149 0.896359 -7.138231 -0.720293 -0.607748 0.334395 0.858406 0.000000 0.000000 0.000000 1.000000
8 0.982150 -0.085311 -0.167639 0.124313 -0.072473 0.650797 -0.755785 -35.765831 0.173576 0.754444 0.632998 3.144568 0.000000 0.000000 0.000000 1.000000
7 0.971675 0.236320 0.000701 -0.111785 -0.234859 0.965991 -0.108180 -40.173641 -0.026243 0.104952 0.994131 -5.709243 0.000000 0.000000 0.000000 1.000000
6 0.995608 -0.066707 -0.065689 1.284375 0.070088 0.996257 0.050585 -16.831020 0.062069 -0.054967 0.996557 16.756786 0.000000 0.000000 0.000000 1.000000
4 0.700138 0.618109 -0.357418 -13.025906 -0.226423 0.666949 0.709868 -7.138231 0.677155 -0.416077 0.606910 0.858406 0.000000 0.000000 0.000000 1.000000
3 0.952831 0.267277 0.143793 -0.124313 -0.058957 0.627757 -0.776173 -35.765831 -0.297720 0.731084 0.613904 3.144568 0.000000 0.000000 0.000000 1.000000
2 0.836855 -0.542112 -0.076078 0.111785 0.547390 0.830225 0.105312 -40.173641 0.006071 -0.129775 0.991525 -5.709243 0.000000 0.000000 0.000000 1.000000
1 0.998839 0.004753 -0.047932 -1.284375 0.000615 0.993781 0.111355 -16.831020 0.048164 -0.111255 0.992624 16.756786 0.000000 0.000000 0.000000 1.000000
time 4
40 0.556228 -0.096467 -0.825412 4.111183 0.005401 0.993638 -0.112488 78.383492 0.831012 0.058110 0.553210 -2.602446 0.000000 0.000000 0.000000 1.000000
39 0.999712 0.020387 0.012671 -0.000000 -0.018984 0.994561 -0.102415 14.652452 -0.014690 0.102145 0.994661 0.432472 0.000000 0.000000 0.000000 1.000000
38 0.999847 -0.016220 -0.006573 0.000000 0.015247 0.991679 -0.127829 10.372511 0.008592 0.127709 0.991774 0.047685 0.000000 0.000000 0.000000 1.000000
37 0.999935 -0.008802 -0.007288 -0.000000 0.007849 0.992520 -0.121833 10.084998 0.008306 0.121768 0.992524 0.302715 0.000000 0.000000 0.000000 1.000000
36 0.956671 0.123891 0.263499 0.000000 -0.082676 0.983295 -0.162158 31.685007 -0.279188 0.133346 0.950933 0.246449 0.000000 0.000000 0.000000 1.000000
35 0.965704 0.054155 0.253936 -0.000000 -0.104502 0.976363 0.189194 11.408890 -0.237688 -0.209242 0.948537 1.920896 0.000000 0.000000 0.000000 1.000000
33 0.933239 0.321895 -0.159528 10.912857 -0.323405 0.946106 0.017132 26.732725 0.156445 0.035604 0.987045 -2.705630 0.000000 0.000000 0.000000 1.000000
32 0.639372 0.618043 -0.457412 13.894908 -0.567756 0.780660 0.261197 -9.016914 0.518514 0.092697 0.850030 1.215675 0.000000 0.000000 0.000000 1.000000
31 0.896588 0.016026 -0.442576 32.246170 0.010418 0.998305 0.057254 -0.183667 0.442744 -0.055944 0.894901 -2.285661 0.000000 0.000000 0.000000 1.000000
30 0.915251 -0.193663 -0.353285 28.013548 0.176218 0.980993 -0.081235 0.183364 0.362302 0.012095 0.931982 0.670486 0.000000 0.000000 0.000000 1.000000
29 0.299462 0.944676 -0.133825 18.109711 -0.950298 0.307840 0.046563 -0.000038 0.085184 0.113229 0.989911 0.000050 0.000000 0.000000 0.000000 1.000000
28 0.502065 0.862075 -0.068981 4.183721 -0.864523 0.502414 -0.013453 -0.000026 0.023059 0.066390 0.997527 -0.000005 0.000000 0.000000 0.000000 1.000000
27 0.423608 0.905837 -0.003923 3.830242 -0.905419 0.423272 -0.032519 -0.098050 -0.027796 0.017327 0.999463 0.058395 0.000000 0.000000 0.000000 1.000000
25 0.975731 0.211079 -0.058270 6.273973 -0.212295 0.977083 -0.015459 -3.207020 0.053672 0.027455 0.998181 3.859405 0.000000 0.000000 0.000000 1.000000
24 0.961550 -0.151151 0.229292 5.060122 0.211355 0.940400 -0.266416 -2.921443 -0.175357 0.304634 0.936188 2.921605 0.000000 0.000000 0.000000 1.000000
23 0.987842 -0.097188 -0.121335 5.809099 -0.047475 0.554611 -0.830755 -3.353832 0.148032 0.826415 0.543254 3.353911 0.000000 0.000000 0.000000 1.000000
21 0.965123 -0.082142 -0.248576 -10.912857 0.108259 0.989738 0.093267 26.732725 0.238364 -0.116925 0.964112 -2.705630 0.000000 0.000000 0.000000 1.000000
20 0.653285 -0.756194 0.037280 -13.894908 0.755274 0.654337 0.037476 -9.016914 -0.052733 0.003674 0.998602 1.215675 0.000000 0.000000 0.000000 1.000000
19 0.768129 -0.066589 0.636823 -32.219643 0.030586 0.997258 0.067385 -0.171897 -0.639564 -0.032283 0.768060 -2.634137 0.000000 0.000000 0.000000 1.000000
18 0.914333 -0.184006 0.360746 -28.019154 0.226173 0.970960 -0.077990 0.180876 -0.335919 0.152899 0.929398 0.369207 0.000000 0.000000 0.000000 1.000000
17 0.478004 -0.876392 -0.058729 -18.104378 0.878157 0.478255 0.010621 0.000443 0.018779 -0.056650 0.998217 -0.195428 0.000000 0.000000 0.000000 1.000000
16 0.395959 -0.915823 0.066969 -4.916212 0.917807 0.397017 0.002738 0.000190 -0.029095 0.060381 0.997751 -0.053088 0.000000 0.000000 0.000000 1.000000
15 0.514227 -0.857638 -0.005323 -4.301387 0.857331 0.514194 -0.024265 -0.000004 0.023548 0.007914 0.999691 -0.013916 0.000000 0.000000 0.000000 1.000000
13 0.767469 -0.436238 -0.469774 -6.344480 0.194623 0.856737 -0.477623 -3.303541 0.610830 0.275132 0.742421 3.657446 0.000000 0.000000 0.000000 1.000000
12 0.911451 0.353712 0.210105 -4.317011 -0.352694 0.934723 -0.043595 -3.095828 -0.211810 -0.034368 0.976706 3.801934 0.000000 0.000000 0.000000 1.000000
11 0.893985 0.128501 -0.429276 -4.968810 -0.063137 0.984565 0.163237 -4.080473 0.443626 -0.118828 0.888299 3.860468 0.000000 0.000000 0.000000 1.000000
9 0.722506 -0.641931 0.256729 13.025906 0.060821 0.428913 0.901296 -7.138231 -0.688684 -0.635578 0.348935 0.858406 0.000000 0.000000 0.000000 1.000000
8 0.986586 -0.092260 -0.134672 0.124313 -0.052976 0.599377 -0.798712 -35.765831 0.154408 0.795132 0.586449 3.144568 0.000000 0.000000 0.000000 1.000000
7 0.969224 0.246158 0.003215 -0.111785 -0.244807 0.965119 -0.092811 -40.173641 -0.025949 0.089167 0.995679 -5.709243 0.000000 0.000000 0.000000 1.000000
6 0.995608 -0.066710 -0.065689 1.284375 0.070091 0.996257 0.050584 -16.831020 0.062069 -0.054966 0.996557 16.756786 0.000000 0.000000 0.000000 1.000000
4 0.672174 0.659912 -0.335707 -13.025906 -0.197288 0.596665 0.777862 -7.138231 0.713624 -0.456627 0.531255 0.858406 0.000000 0.000000 0.000000 1.000000
3 0.917030 0.352925 0.185742 -0.124313 -0.037676 0.540309 -0.840623 -35.765831 -0.397035 0.763878 0.508776 3.144568 0.000000 0.000000 0.000000 1.000000
2 0.816772 -0.574011 -0.058270 0.111785 0.576642 0.815503 0.049385 -40.173641 0.019172 -0.073938 0.997079 -5.709243 0.000000 0.000000 0.000000 1.000000
1 0.997361 0.055113 -0.047259 -1.284375 -0.044713 0.979136 0.198228 -16.831020 0.057198 -0.195592 0.979016 16.756786 0.000000 0.000000 0.000000 1.000000
time 5
40 0.611880 -0.048755 -0.789446 4.014766 0.047640 0.998558 -0.024745 77.042244 0.789514 -0.022469 0.613321 -2.218442 0.000000 0.000000 0.000000 1.000000
39 0.999986 0.004351 -0.002950 0.000000 -0.004605 0.995726 -0.092245 14.652452 0.002536 0.092257 0.995732 0.432472 0.000000 0.000000 0.000000 1.000000
38 0.999640 -0.018832 -0.019113 -0.000000 0.015665 0.987928 -0.154119 10.372511 0.021784 0.153764 0.987867 0.047685 0.000000 0.000000 0.000000 1.000000
37 0.999685 -0.015896 -0.019396 -0.000000 0.012772 0.988341 -0.151719 10.084998 0.021582 0.151424 0.988233 0.302715 0.000000 0.000000 0.000000 1.000000
36 0.960547 0.166738 0.222592 -0.000000 -0.114327 0.966333 -0.230498 31.685007 -0.253531 0.195956 0.947272 0.246449 0.000000 0.000000 0.000000 1.000000
35 0.977509 0.040213 0.207024 -0.000000 -0.050467 0.997734 0.044490 11.408890 -0.204766 -0.053937 0.977324 1.920896 0.000000 0.000000 0.000000 1.000000
33 0.907539 0.385451 -0.166736 10.912857 -0.389396 0.921019 0.009687 26.732725 0.157301 0.056135 0.985954 -2.705630 0.000000 0.000000 0.000000 1.000000
32 0.614707 0.633128 -0.470409 13.894908 -0.572911 0.768312 0.285427 -9.016914 0.542133 0.094049 0.835013 1.215675 0.000000 0.000000 0.000000 1.000000
31 0.958721 0.030601 -0.282697 32.246170 0.000118 0.994149 0.108015 -0.183667 0.284349 -0.103589 0.953108 -2.285661 0.000000 0.000000 0.000000 1.000000
30 0.941056 -0.195027 -0.276364 28.013548 0.154394 0.974629 -0.162054 0.183364 0.300957 0.109833 0.947292 0.670486 0.000000 0.000000 0.000000 1.000000
29 0.370425 0.919569 -0.131070 18.109711 -0.924914 0.378157 0.039142 -0.000038 0.085558 0.106729 0.990600 0.000050 0.000000 0.000000 0.000000 1.000000
28 0.546912 0.834399 -0.068301 4.183721 -0.836770 0.547400 -0.013019 -0.000026 0.026525 0.064273 0.997580 -0.000005 0.000000 0.000000 0.000000 1.000000
27 0.470369 0.882461 -0.003926 3.830242 -0.882062 0.470011 -0.032514 -0.098050 -0.026847 0.018756 0.999464 0.058395 0.000000 0.000000 0.000000 1.000000
25 0.977858 0.193625 -0.079387 6.273973 -0.192781 0.981072 0.018230 -3.207020 0.081415 -0.002522 0.996677 3.859405 0.000000 0.000000 0.000000 1.000000
24 0.960275 -0.151809 0.234151 5.060122 0.213728 0.939601 -0.267338 -2.921443 -0.179425 0.306762 0.934721 2.921605 0.000000 0.000000 0.000000 1.000000
23 0.987574 -0.108674 -0.113521 5.809099 -0.025983 0.599504 -0.799950 -3.353832 0.154990 0.792960 0.589231 3.353911 0.000000 0.000000 0.000000 1.000000
21 0.972689 -0.096058 -0.211304 -10.912857 0.115528 0.989932 0.081784 26.732725 0.201321 -0.103962 0.973993 -2.705630 0.000000 0.000000 0.000000 1.000000
20 0.668873 -0.743256 0.013362 -13.894908 0.742010 0.668625 0.048605 -9.016914 -0.045060 -0.022595 0.998729 1.215675 0.000000 0.000000 0.000000 1.000000
19 0.869279 -0.061068 0.490534 -32.219643 0.035423 0.997484 0.061406 -0.171897 -0.493050 -0.036002 0.869256 -2.634137 0.000000 0.000000 0.000000 1.000000
18 0.927964 -0.205653 0.310788 -28.019154 0.256321 0.957579 -0.131689 0.180876 -0.270522 0.201864 0.941312 0.369207 0.000000 0.000000 0.000000 1.000000
17 0.478005 -0.876392 -0.058729 -18.104378 0.878157 0.478255 0.010621 0.000443 0.018779 -0.056650 0.998217 -0.195428 0.000000 0.000000 0.000000 1.000000
16 0.395959 -0.915823 0.066969 -4.916212 0.917807 0.397017 0.002738 0.000190 -0.029095 0.060381 0.997751 -0.053088 0.000000 0.000000 0.000000 1.000000
15 0.514227 -0.857638 -0.005324 -4.301387 0.857331 0.514194 -0.024265 -0.000004 0.023548 0.007913 0.999691 -0.013916 0.000000 0.000000 0.000000 1.000000
13 0.767469 -0.436239 -0.469774 -6.344480 0.194623 0.856737 -0.477623 -3.303541 0.610830 0.275132 0.742421 3.657446 0.000000 0.000000 0.000000 1.000000
12 0.911451 0.353713 0.210105 -4.317011 -0.352694 0.934722 -0.043595 -3.095828 -0.211810 -0.034368 0.976706 3.801934 0.000000 0.000000 0.000000 1.000000
11 0.893985 0.128501 -0.429276 -4.968810 -0.063137 0.984565 0.163237 -4.080473 0.443626 -0.118828 0.888299 3.860468 0.000000 0.000000 0.000000 1.000000
9 0.759437 -0.592479 0.268744 13.025906 0.068032 0.483141 0.872895 -7.138231 -0.647013 -0.644626 0.407223 0.858406 0.000000 0.000000 0.000000 1.000000
8 0.983118 -0.093115 -0.157508 0.124313 -0.078231 0.564272 -0.821874 -35.765831 0.165406 0.820321 0.547461 3.144568 0.000000 0.000000 0.000000 1.000000
7 0.974131 0.225939 0.004613 -0.111785 -0.224938 0.971377 -0.076352 -40.173641 -0.021732 0.073339 0.997070 -5.709243 0.000000 0.000000 0.000000 1.000000
6 0.995608 -0.066708 -0.065689 1.284375 0.070089 0.996257 0.050585 -16.831020 0.062069 -0.054967 0.996557 16.756786 0.000000 0.000000 0.000000 1.000000
4 0.601788 0.723873 -0.337430 -13.025906 -0.273623 0.583798 0.764402 -7.138231 0.750321 -0.367679 0.549391 0.858406 0.000000 0.000000 0.000000 1.000000
3 0.884431 0.405357 0.231230 -0.124313 0.001569 0.492904 -0.870082 -35.765831 -0.466668 0.769891 0.435304 3.144568 0.000000 0.000000 0.000000 1.000000
2 0.795238 -0.602781 -0.065211 0.111785 0.606233 0.792112 0.070996 -40.173641 0.008860 -0.095992 0.995343 -5.709243 0.000000 0.000000 0.000000 1.000000
1 0.993683 0.085377 -0.072835 -1.284375 -0.065257 0.967599 0.243912 -16.831020 0.091300 -0.237618 0.967058 16.756786 0.000000 0.000000 0.000000 1.000000
time 6
40 0.746169 0.053365 -0.663614 3.627400 0.060426 0.987239 0.147333 76.249512 0.663008 -0.150035 0.733423 -1.423284 0.000000 0.000000 0.000000 1.000000
39 0.999812 -0.013264 -0.014161 0.000000 0.012051 0.996511 -0.082582 14.652452 0.015207 0.082396 0.996484 0.432472 0.000000 0.000000 0.000000 1.000000
38 0.998981 -0.032744 -0.031065 0.000000 0.027189 0.985939 -0.164881 10.372511 0.036027 0.163868 0.985824 0.047685 0.000000 0.000000 0.000000 1.000000
37 0.998981 -0.032744 -0.031065 0.000000 0.027189 0.985939 -0.164881 10.084998 0.036027 0.163868 0.985824 0.302715 0.000000 0.000000 0.000000 1.000000
36 0.969500 0.199498 0.142375 0.000000 -0.133645 0.917252 -0.375217 31.685007 -0.205449 0.344745 0.915937 0.246449 0.000000 0.000000 0.000000 1.000000
35 0.992078 0.001846 0.125610 -0.000000 0.014581 0.991442 -0.129732 11.408890 -0.124775 0.130536 0.983561 1.920896 0.000000 0.000000 0.000000 1.000000
33 0.891907 0.414888 -0.179917 10.912857 -0.420784 0.907142 0.005907 26.732725 0.165661 0.070438 0.983664 -2.705630 0.000000 0.000000 0.000000 1.000000
32 0.617751 0.669027 -0.413265 13.894908 -0.621585 0.737337 0.264513 -9.016914 0.481681 0.093476 0.871347 1.215675 0.000000 0.000000 0.000000 1.000000
31 0.910765 0.094001 -0.402083 32.246170 -0.033089 0.987227 0.155848 -0.183667 0.411597 -0.128637 0.902242 -2.285661 0.000000 0.000000 0.000000 1.000000
30 0.987320 -0.146537 0.061037 28.013548 0.157813 0.947595 -0.277774 0.183364 -0.017134 0.283884 0.958705 0.670486 0.000000 0.000000 0.000000 1.000000
29 0.447942 0.885051 -0.126620 18.109711 -0.889990 0.454909 0.031223 -0.000038 0.085235 0.098705 0.991460 0.000050 0.000000 0.000000 0.000000 1.000000
28 0.595680 0.800376 -0.067564 4.183721 -0.802651 0.596319 -0.012486 -0.000026 0.030296 0.061668 0.997637 -0.000005 0.000000 0.000000 0.000000 1.000000
27 0.521582 0.853192 -0.003928 3.830242 -0.852814 0.521202 -0.032509 -0.098050 -0.025689 0.020306 0.999464 0.058395 0.000000 0.000000 0.000000 1.000000
25 0.979140 0.175130 -0.103021 6.273973 -0.170029 0.983821 0.056439 -3.207020 0.111239 -0.037745 0.993077 3.859405 0.000000 0.000000 0.000000 1.000000
24 0.958807 -0.152538 0.239629 5.060122 0.216409 0.938695 -0.268363 -2.921443 -0.184003 0.309166 0.933038 2.921605 0.000000 0.000000 0.000000 1.000000
23 0.986805 -0.121263 -0.107290 5.809099 -0.003150 0.648136 -0.761518 -3.353832 0.161882 0.751808 0.639202 3.353911 0.000000 0.000000 0.000000 1.000000
21 0.979017 -0.109241 -0.172022 -10.912857 0.122831 0.989926 0.070414 26.732725 0.162597 -0.090067 0.982573 -2.705630 0.000000 0.000000 0.000000 1.000000
20 0.684556 -0.728863 -0.011879 -13.894908 0.728111 0.682882 0.059387 -9.016914 -0.035173 -0.049303 0.998164 1.215675 0.000000 0.000000 0.000000 1.000000
19 0.931248 -0.060023 0.359409 -32.219643 0.043179 0.997568 0.054720 -0.171897 -0.361819 -0.035439 0.931574 -2.634137 0.000000 0.000000 0.000000 1.000000
18 0.936225 -0.232446 0.263538 -28.019154 0.285960 0.939833 -0.186925 0.180876 -0.204231 0.250365 0.946365 0.369207 0.000000 0.000000 0.000000 1.000000
17 0.478005 -0.876392 -0.058728 -18.104378 0.878156 0.478256 0.010621 0.000443 0.018779 -0.056650 0.998217 -0.195428 0.000000 0.000000 0.000000 1.000000
16 0.395959 -0.915823 0.066970 -4.916212 0.917807 0.397017 0.002738 0.000190 -0.029096 0.060381 0.997751 -0.053088 0.000000 0.000000 0.000000 1.000000
15 0.514227 -0.857638 -0.005324 -4.301387 0.857331 0.514194 -0.024264 -0.000004 0.023548 0.007913 0.999691 -0.013916 0.000000 0.000000 0.000000 1.000000
13 0.767469 -0.436238 -0.469774 -6.344480 0.194623 0.856737 -0.477622 -3.303541 0.610830 0.275132 0.742421 3.657446 0.000000 0.000000 0.000000 1.000000
12 0.911451 0.353712 0.210105 -4.317011 -0.352694 0.934723 -0.043595 -3.095828 -0.211810 -0.034368 0.976706 3.801934 0.000000 0.000000 0.000000 1.000000
11 0.893985 0.128501 -0.429276 -4.968810 -0.063137 0.984565 0.163236 -4.080473 0.443626 -0.118828 0.888299 3.860468 0.000000 0.000000 0.000000 1.000000
9 0.798587 -0.521380 0.300703 13.025906 0.067443 0.573976 0.816090 -7.138231 -0.598089 -0.631438 0.493533 0.858406 0.000000 0.000000 0.000000 1.000000
8 0.957599 -0.085045 -0.275266 0.124313 -0.186799 0.544119 -0.817949 -35.765831 0.219340 0.834687 0.505161 3.144568 0.000000 0.000000 0.000000 1.000000
7 0.990201 0.139651 0.000156 -0.111785 -0.139135 0.986638 -0.084778 -40.173641 -0.011993 0.083925 0.996400 -5.709243 0.000000 0.000000 0.000000 1.000000
6 0.995608 -0.066708 -0.065689 1.284375 0.070089 0.996257 0.050585 -16.831020 0.062069 -0.054967 0.996557 16.756786 0.000000 0.000000 0.000000 1.000000
4 0.491394 0.768405 -0.409983 -13.025906 -0.438250 0.624955 0.646040 -7.138231 0.752641 -0.137785 0.643853 0.858406 0.000000 0.000000 0.000000 1.000000
3 0.879340 0.425161 0.214476 -0.124313 -0.000314 0.450913 -0.892568 -35.765831 -0.476195 0.784803 0.396639 3.144568 0.000000 0.000000 0.000000 1.000000
2 0.734467 -0.671934 -0.095196 0.111785 0.678642 0.727528 0.100736 -40.173641 0.001570 -0.138591 0.990348 -5.709243 0.000000 0.000000 0.000000 1.000000
1 0.990543 0.055050 -0.125677 -1.284375 -0.028958 0.979227 0.200690 -16.831020 0.134114 -0.195153 0.971560 16.756786 0.000000 0.000000 0.000000 1.000000
time 7
40 0.856686 0.084743 -0.508830 2.842750 0.062993 0.961844 0.266249 75.709381 0.511978 -0.260145 0.818660 -0.336189 0.000000 0.000000 0.000000 1.000000
39 0.999258 -0.034669 -0.016803 -0.000000 0.033439 0.997078 -0.068684 14.652452 0.019135 0.068071 0.997497 0.432472 0.000000 0.000000 0.000000 1.000000
38 0.996665 -0.072461 -0.037524 0.000000 0.066663 0.988228 -0.137699 10.372511 0.047060 0.134738 0.989763 0.047685 0.000000 0.000000 0.000000 1.000000
37 0.996665 -0.072461 -0.037524 0.000000 0.066663 0.988228 -0.137699 10.084998 0.047060 0.134738 0.989763 0.302715 0.000000 0.000000 0.000000 1.000000
36 0.985907 0.157104 0.057494 0.000000 -0.113173 0.879431 -0.462377 31.685007 -0.123203 0.449354 0.884818 0.246449 0.000000 0.000000 0.000000 1.000000
35 0.998259 -0.036091 0.046650 -0.000000 0.046871 0.965542 -0.255993 11.408890 -0.035803 0.257734 0.965552 1.920896 0.000000 0.000000 0.000000 1.000000
33 0.920172 0.339729 -0.194597 10.912857 -0.345914 0.938263 0.002337 26.732725 0.183378 0.065163 0.980880 -2.705630 0.000000 0.000000 0.000000 1.000000
32 0.504591 0.781593 -0.366742 13.894908 -0.752389 0.606426 0.257212 -9.016914 0.423437 0.146146 0.894060 1.215675 0.000000 0.000000 0.000000 1.000000
31 0.894079 0.115223 -0.432836 32.246170 -0.097259 0.993231 0.063503 -0.183667 0.437223 -0.014679 0.899233 -2.285661 0.000000 0.000000 0.000000 1.000000
30 0.921011 0.214664 0.325052 28.013548 0.049351 0.763430 -0.644002 0.183364 -0.386398 0.609175 0.692534 0.670486 0.000000 0.000000 0.000000 1.000000
29 0.528242 0.840534 -0.120266 18.109711 -0.844936 0.534355 0.023390 -0.000038 0.083925 0.089262 0.992466 0.000050 0.000000 0.000000 0.000000 1.000000
28 0.646124 0.760304 -0.066802 4.183721 -0.762466 0.646919 -0.011861 -0.000026 0.034197 0.058598 0.997696 -0.000005 0.000000 0.000000 0.000000 1.000000
27 0.575015 0.818133 -0.003932 3.830242 -0.817781 0.574611 -0.032503 -0.098050 -0.024332 0.021905 0.999464 0.058395 0.000000 0.000000 0.000000 1.000000
25 0.979295 0.156584 -0.128306 6.273973 -0.144598 0.984627 0.097985 -3.207020 0.141676 -0.077404 0.986882 3.859405 0.000000 0.000000 0.000000 1.000000
24 0.957182 -0.153312 0.245557 5.060122 0.219319 0.937706 -0.269456 -2.921443 -0.188949 0.311773 0.931180 2.921605 0.000000 0.000000 0.000000 1.000000
23 0.985526 -0.134191 -0.103595 5.809099 0.019821 0.698104 -0.715722 -3.353832 0.168364 0.703309 0.690659 3.353911 0.000000 0.000000 0.000000 1.000000
21 0.983677 -0.120794 -0.133376 -10.912857 0.129662 0.989747 0.059900 26.732725 0.124773 -0.076216 0.989254 -2.705630 0.000000 0.000000 0.000000 1.000000
20 0.699105 -0.714059 -0.037030 -13.894908 0.714639 0.696108 0.068740 -9.016914 -0.023307 -0.074520 0.996947 1.215675 0.000000 0.000000 0.000000 1.000000
19 0.958360 -0.064166 0.278259 -32.219643 0.053126 0.997479 0.047043 -0.171897 -0.280576 -0.030301 0.959353 -2.634137 0.000000 0.000000 0.000000 1.000000
18 0.939121 -0.261150 0.223278 -28.019154 0.312370 0.919593 -0.238272 0.180876 -0.143100 0.293511 0.945184 0.369207 0.000000 0.000000 0.000000 1.000000
