keyframes
0.000000
0.033333
0.066667
0.100000
0.133333
0.166667
0.200000
0.233333
0.266667
0.300000
0.333333
0.366667
0.400000
0.433333
0.466667
0.500000
0.533333
0.566667
0.600000
0.633333
0.666667
0.700000
0.733333
0.766667
0.800000
0.833333
0.866667
0.900000
0.933333
0.966667
1.000000
1.033333
1.066667
1.100000
1.133333
1.166667
1.200000
1.233333
1.266667
1.300000
1.333333
1.366667
1.400000
1.433333
1.466667
1.500000
1.533333
1.566667
1.600000
1.633333
1.666667
1.700000
1.733333
1.766667
1.800000
1.833333
1.866667
1.900000
1.933333
1.966667
2.000000
2.033333
2.066667
2.100000
2.133333
2.166667
2.200000
2.233333
2.266667
2.300000
2.333333
2.366667
2.400000
2.433333
2.466667
2.500000
2.533333
2.566667
2.600000
2.633333
2.666667
2.700000
2.733333
2.766667
2.800000
2.833333
2.866667
2.900000
2.933333
2.966667
3.000000
3.033333
3.066667
3.100000
3.133333
3.166667
3.200000
3.233333
3.266667
3.300000
3.333333
3.366667
3.400000
3.433333
3.466667
3.500000
3.533333
3.566667
3.600000
3.633333
3.666667
3.700000
3.733333
3.766667
3.800000
3.833333
3.866667
3.900000
3.933333
3.966667
4.000000
time 0
40 0.729019 0.050034 -0.682662 0.863001 0.004155 0.996983 0.077508 91.007706 0.684481 -0.059341 0.726612 -0.966221 0.000000 0.000000 0.000000 1.000000
39 0.996433 0.023265 0.081123 -0.000000 -0.014967 0.994730 -0.101433 14.652452 -0.083055 0.099857 0.991529 0.432472 0.000000 0.000000 0.000000 1.000000
38 0.986154 0.053134 0.157091 0.000000 -0.020485 0.979056 -0.202560 10.372511 -0.164564 0.196537 0.966588 0.047685 0.000000 0.000000 0.000000 1.000000
37 0.986154 0.053134 0.157091 -0.000000 -0.020485 0.979056 -0.202560 10.084998 -0.164564 0.196537 0.966588 0.302715 0.000000 0.000000 0.000000 1.000000
36 0.999747 -0.003600 -0.022215 0.000000 0.005258 0.997169 0.075014 31.685007 0.021882 -0.075112 0.996935 0.246449 0.000000 0.000000 0.000000 1.000000
35 0.937032 0.006168 0.349190 -0.000000 -0.044690 0.993742 0.102370 11.408890 -0.346374 -0.111529 0.931443 1.920896 0.000000 0.000000 0.000000 1.000000
33 0.990491 0.137039 -0.012165 10.912857 -0.137300 0.990234 -0.024211 26.732725 0.008728 0.025651 0.999633 -2.705630 0.000000 0.000000 0.000000 1.000000
32 0.456189 0.889830 0.009713 13.894908 -0.848273 0.431533 0.306941 -9.016914 0.268934 -0.148262 0.951679 1.215675 0.000000 0.000000 0.000000 1.000000
31 0.738831 -0.052285 -0.671859 32.246170 -0.031731 0.993181 -0.112185 -0.183667 0.673143 0.104204 0.732134 -2.285661 0.000000 0.000000 0.000000 1.000000
30 0.942410 -0.334419 -0.005216 28.013548 0.319826 0.905629 -0.278472 0.183364 0.097850 0.260767 0.960430 0.670486 0.000000 0.000000 0.000000 1.000000
29 0.990394 0.065948 -0.121534 18.109711 -0.064523 0.997794 0.015627 -0.000038 0.122296 -0.007635 0.992464 0.000050 0.000000 0.000000 0.000000 1.000000
28 0.965720 0.257983 0.028791 4.183721 -0.257959 0.966145 -0.004592 -0.000026 -0.029001 -0.002992 0.999575 -0.000005 0.000000 0.000000 0.000000 1.000000
27 0.999557 0.025580 -0.015240 3.830242 -0.025580 0.999673 0.000195 -0.098050 0.015240 0.000195 0.999884 0.058395 0.000000 0.000000 0.000000 1.000000
25 0.991874 0.095546 0.084002 6.273973 -0.081337 0.983959 -0.158773 -3.207020 -0.097825 0.150650 0.983735 3.859405 0.000000 0.000000 0.000000 1.000000
24 0.999906 -0.013674 0.000549 5.060122 0.013671 0.999889 0.005864 -2.921443 -0.000630 -0.005856 0.999983 2.921605 0.000000 0.000000 0.000000 1.000000
23 1.000000 0.000012 -0.000006 5.809099 -0.000012 1.000000 -0.000003 -3.353832 0.000006 0.000003 1.000000 3.353911 0.000000 0.000000 0.000000 1.000000
21 0.972022 -0.167785 0.164385 -10.912857 0.174036 0.984440 -0.024287 26.732725 -0.157752 0.052217 0.986097 -2.705630 0.000000 0.000000 0.000000 1.000000
20 0.484672 -0.791196 -0.372964 -13.894908 0.862162 0.504046 0.051122 -9.016914 0.147543 -0.346333 0.926436 1.215675 0.000000 0.000000 0.000000 1.000000
19 0.796653 -0.112612 0.593853 -32.219643 0.074005 0.993272 0.089076 -0.171897 -0.599889 -0.027014 0.799627 -2.634137 0.000000 0.000000 0.000000 1.000000
18 0.953158 -0.189487 0.235764 -28.019154 0.218834 0.970092 -0.105035 0.180876 -0.208810 0.151708 0.966117 0.369207 0.000000 0.000000 0.000000 1.000000
17 0.996674 -0.078667 -0.021279 -18.104378 0.079093 0.996667 0.019985 0.000443 0.019636 -0.021602 0.999574 -0.195428 0.000000 0.000000 0.000000 1.000000
16 0.956257 -0.291259 -0.027232 -4.916212 0.291327 0.956622 -0.001537 0.000190 0.026498 -0.006463 0.999628 -0.053088 0.000000 0.000000 0.000000 1.000000
15 0.999946 0.007065 0.007621 -4.301387 -0.007065 0.999975 -0.000050 -0.000004 -0.007621 -0.000004 0.999971 -0.013916 0.000000 0.000000 0.000000 1.000000
13 0.965668 0.072512 -0.249453 -6.344480 -0.047392 0.993313 0.105276 -3.303541 0.255418 -0.089840 0.962648 3.657446 0.000000 0.000000 0.000000 1.000000
12 0.954881 0.116774 -0.273069 -4.317011 -0.142238 0.986962 -0.075328 -3.095828 0.260712 0.110770 0.959041 3.801934 0.000000 0.000000 0.000000 1.000000
11 0.997399 -0.029613 -0.065716 -4.968810 0.024537 0.996748 -0.076755 -4.080473 0.067776 0.074943 0.994882 3.860468 0.000000 0.000000 0.000000 1.000000
9 0.965177 -0.245657 0.089921 13.025906 0.173228 0.857763 0.483979 -7.138231 -0.196024 -0.451548 0.870448 0.858406 0.000000 0.000000 0.000000 1.000000
8 0.970036 0.003095 -0.242942 0.124313 -0.138984 0.827226 -0.544408 -35.765831 0.199283 0.561860 0.802870 3.144568 0.000000 0.000000 0.000000 1.000000
7 0.987991 0.154029 0.012182 -0.111785 -0.154423 0.987008 0.044367 -40.173641 -0.005190 -0.045716 0.998941 -5.709243 0.000000 0.000000 0.000000 1.000000
6 0.998326 -0.013997 -0.056125 1.284375 0.016281 0.999049 0.040451 -16.831020 0.055505 -0.041297 0.997604 16.756786 0.000000 0.000000 0.000000 1.000000
4 0.930710 0.280613 -0.234595 -13.025906 -0.277574 0.959574 0.046583 -7.138231 0.238183 0.021762 0.970976 0.858406 0.000000 0.000000 0.000000 1.000000
3 0.988565 0.006762 -0.150645 -0.124313 -0.086450 0.843944 -0.529420 -35.765831 0.123556 0.536389 0.834877 3.144568 0.000000 0.000000 0.000000 1.000000
2 0.944341 -0.318688 -0.081594 0.111785 0.325973 0.873118 0.362501 -40.173641 -0.044284 -0.368922 0.928405 -5.709243 0.000000 0.000000 0.000000 1.000000
1 0.998130 0.061105 -0.001401 -1.284375 -0.060980 0.997124 0.045006 -16.831020 0.004147 -0.044836 0.998986 16.756786 0.000000 0.000000 0.000000 1.000000
time 1
40 0.727352 0.049172 -0.684500 0.870295 0.004688 0.997050 0.076606 91.012276 0.686248 -0.058928 0.724976 -0.957030 0.000000 0.000000 0.000000 1.000000
39 0.996422 0.023585 0.081159 0.000000 -0.015295 0.994740 -0.101283 14.652452 -0.083121 0.099679 0.991542 0.432472 0.000000 0.000000 0.000000 1.000000
38 0.986111 0.053771 0.157145 0.000000 -0.021152 0.979097 -0.202292 10.372511 -0.164738 0.196159 0.966635 0.047685 0.000000 0.000000 0.000000 1.000000
37 0.986111 0.053771 0.157145 -0.000000 -0.021152 0.979097 -0.202292 10.084998 -0.164738 0.196159 0.966635 0.302715 0.000000 0.000000 0.000000 1.000000
36 0.999736 -0.002857 -0.022816 0.000000 0.004595 0.997059 0.076497 31.685007 0.022530 -0.076581 0.996809 0.246449 0.000000 0.000000 0.000000 1.000000
35 0.935763 0.007239 0.352554 -0.000000 -0.045375 0.993949 0.100028 11.408890 -0.349697 -0.109599 0.930430 1.920896 0.000000 0.000000 0.000000 1.000000
33 0.990487 0.137048 -0.012390 10.912857 -0.137316 0.990230 -0.024251 26.732725 0.008945 0.025721 0.999629 -2.705630 0.000000 0.000000 0.000000 1.000000
32 0.456961 0.889434 0.009662 13.894908 -0.847973 0.432328 0.306651 -9.016914 0.268569 -0.148321 0.951773 1.215675 0.000000 0.000000 0.000000 1.000000
31 0.738246 -0.052424 -0.672491 32.246170 -0.031992 0.993132 -0.112540 -0.183667 0.673772 0.104596 0.731499 -2.285661 0.000000 0.000000 0.000000 1.000000
30 0.942534 -0.334068 -0.005243 28.013548 0.319472 0.905726 -0.278565 0.183364 0.097809 0.260882 0.960403 0.670486 0.000000 0.000000 0.000000 1.000000
29 0.989986 0.071903 -0.121479 18.109711 -0.070559 0.997390 0.015339 -0.000038 0.122265 -0.006614 0.992476 0.000050 0.000000 0.000000 0.000000 1.000000
28 0.963970 0.264535 0.027980 4.183721 -0.264515 0.964371 -0.004451 -0.000026 -0.028161 -0.003110 0.999599 -0.000005 0.000000 0.000000 0.000000 1.000000
27 0.999557 0.025580 -0.015240 3.830242 -0.025580 0.999673 0.000195 -0.098050 0.015240 0.000195 0.999884 0.058395 0.000000 0.000000 0.000000 1.000000
25 0.991401 0.094979 0.090012 6.273973 -0.079416 0.983425 -0.162997 -3.207020 -0.104001 0.154447 0.982512 3.859405 0.000000 0.000000 0.000000 1.000000
24 0.999863 -0.014941 0.007181 5.060122 0.014920 0.999884 0.002984 -2.921443 -0.007225 -0.002877 0.999970 2.921605 0.000000 0.000000 0.000000 1.000000
23 1.000000 0.000012 -0.000007 5.809099 -0.000012 1.000000 -0.000003 -3.353832 0.000007 0.000003 1.000000 3.353911 0.000000 0.000000 0.000000 1.000000
21 0.971783 -0.168110 0.165459 -10.912857 0.174373 0.984388 -0.023979 26.732725 -0.158844 0.052154 0.985925 -2.705630 0.000000 0.000000 0.000000 1.000000
20 0.485248 -0.791307 -0.371979 -13.894908 0.861949 0.504377 0.051459 -9.016914 0.146898 -0.345597 0.926814 1.215675 0.000000 0.000000 0.000000 1.000000
19 0.798147 -0.112829 0.591803 -32.219643 0.074768 0.993263 0.088531 -0.171897 -0.597805 -0.026413 0.801207 -2.634137 0.000000 0.000000 0.000000 1.000000
18 0.954046 -0.186624 0.234453 -28.019154 0.215846 0.970694 -0.105659 0.180876 -0.207864 0.151409 0.966368 0.369207 0.000000 0.000000 0.000000 1.000000
17 0.996939 -0.075157 -0.021537 -18.104378 0.075587 0.996941 0.019899 0.000443 0.019976 -0.021466 0.999570 -0.195428 0.000000 0.000000 0.000000 1.000000
16 0.956632 -0.290013 -0.027357 -4.916212 0.290080 0.957001 -0.001578 0.000190 0.026638 -0.006426 0.999624 -0.053088 0.000000 0.000000 0.000000 1.000000
15 0.999946 0.007065 0.007621 -4.301387 -0.007065 0.999975 -0.000050 -0.000004 -0.007621 -0.000004 0.999971 -0.013916 0.000000 0.000000 0.000000 1.000000
13 0.966109 0.067674 -0.249106 -6.344480 -0.044236 0.994152 0.098518 -3.303541 0.254316 -0.084160 0.963452 3.657446 0.000000 0.000000 0.000000 1.000000
12 0.954668 0.117847 -0.273351 -4.317011 -0.143147 0.986896 -0.074465 -3.095828 0.260994 0.110219 0.959028 3.801934 0.000000 0.000000 0.000000 1.000000
11 0.997399 -0.029613 -0.065716 -4.968810 0.024536 0.996748 -0.076755 -4.080473 0.067776 0.074943 0.994882 3.860468 0.000000 0.000000 0.000000 1.000000
9 0.965321 -0.245111 0.089867 13.025906 0.172808 0.857947 0.483803 -7.138231 -0.195686 -0.451495 0.870551 0.858406 0.000000 0.000000 0.000000 1.000000
8 0.970744 0.002174 -0.240109 0.124313 -0.136612 0.827351 -0.544819 -35.765831 0.197470 0.561681 0.803442 3.144568 0.000000 0.000000 0.000000 1.000000
7 0.987772 0.155416 0.012362 -0.111785 -0.155820 0.986761 0.044979 -40.173641 -0.005208 -0.046356 0.998911 -5.709243 0.000000 0.000000 0.000000 1.000000
6 0.998326 -0.013997 -0.056124 1.284375 0.016281 0.999049 0.040451 -16.831020 0.055505 -0.041297 0.997604 16.756786 0.000000 0.000000 0.000000 1.000000
4 0.930721 0.280787 -0.234343 -13.025906 -0.277108 0.959579 0.049187 -7.138231 0.238682 0.019159 0.970909 0.858406 0.000000 0.000000 0.000000 1.000000
3 0.988833 0.008820 -0.148767 -0.124313 -0.087262 0.843488 -0.530012 -35.765831 0.120808 0.537075 0.834839 3.144568 0.000000 0.000000 0.000000 1.000000
2 0.944299 -0.318814 -0.081593 0.111785 0.326098 0.873141 0.362332 -40.173641 -0.044274 -0.368757 0.928471 -5.709243 0.000000 0.000000 0.000000 1.000000
1 0.998135 0.061033 -0.001406 -1.284375 -0.060908 0.997126 0.045066 -16.831020 0.004152 -0.044897 0.998983 16.756786 0.000000 0.000000 0.000000 1.000000
time 2
40 0.725790 0.047937 -0.686244 0.877988 0.005273 0.997152 0.075232 91.019005 0.687896 -0.058221 0.723470 -0.952224 0.000000 0.000000 0.000000 1.000000
39 0.996448 0.023793 0.080783 0.000000 -0.015552 0.994750 -0.101148 14.652452 -0.082765 0.099532 0.991586 0.432472 0.000000 0.000000 0.000000 1.000000
38 0.986209 0.054138 0.156397 0.000000 -0.021708 0.979136 -0.202045 10.372511 -0.164072 0.195863 0.966808 0.047685 0.000000 0.000000 0.000000 1.000000
37 0.986209 0.054138 0.156397 -0.000000 -0.021708 0.979136 -0.202045 10.084998 -0.164072 0.195863 0.966808 0.302715 0.000000 0.000000 0.000000 1.000000
36 0.999758 -0.001422 -0.021936 0.000000 0.003120 0.996985 0.077534 31.685007 0.021760 -0.077584 0.996748 0.246449 0.000000 0.000000 0.000000 1.000000
35 0.933704 0.009544 0.357919 -0.000000 -0.047642 0.994067 0.097777 11.408890 -0.354862 -0.108347 0.928619 1.920896 0.000000 0.000000 0.000000 1.000000
33 0.990419 0.137511 -0.012693 10.912857 -0.137786 0.990165 -0.024241 26.732725 0.009235 0.025758 0.999626 -2.705630 0.000000 0.000000 0.000000 1.000000
32 0.457431 0.889189 0.010020 13.894908 -0.848036 0.432815 0.305788 -9.016914 0.267566 -0.148374 0.952047 1.215675 0.000000 0.000000 0.000000 1.000000
31 0.737539 -0.052451 -0.673264 32.246170 -0.032208 0.993112 -0.112651 -0.183667 0.674536 0.104769 0.730770 -2.285661 0.000000 0.000000 0.000000 1.000000
30 0.942765 -0.333412 -0.005543 28.013548 0.318773 0.906001 -0.278471 0.183364 0.097868 0.260766 0.960429 0.670486 0.000000 0.000000 0.000000 1.000000
29 0.989565 0.077597 -0.121410 18.109711 -0.076317 0.996968 0.015163 -0.000038 0.122219 -0.005739 0.992487 0.000050 0.000000 0.000000 0.000000 1.000000
28 0.962447 0.270093 0.027292 4.183721 -0.270078 0.962829 -0.004330 -0.000026 -0.027447 -0.003204 0.999618 -0.000005 0.000000 0.000000 0.000000 1.000000
27 0.999557 0.025580 -0.015240 3.830242 -0.025580 0.999673 0.000195 -0.098050 0.015241 0.000195 0.999884 0.058395 0.000000 0.000000 0.000000 1.000000
25 0.991000 0.093872 0.095435 6.273973 -0.077103 0.983054 -0.166311 -3.207020 -0.109429 0.157456 0.981444 3.859405 0.000000 0.000000 0.000000 1.000000
24 0.999766 -0.016109 0.014441 5.060122 0.016114 0.999870 -0.000276 -2.921443 -0.014435 0.000509 0.999896 2.921605 0.000000 0.000000 0.000000 1.000000
23 1.000000 0.000012 -0.000007 5.809099 -0.000012 1.000000 -0.000003 -3.353832 0.000007 0.000003 1.000000 3.353911 0.000000 0.000000 0.000000 1.000000
21 0.971726 -0.167683 0.166227 -10.912857 0.173986 0.984456 -0.024000 26.732725 -0.159618 0.052242 0.985795 -2.705630 0.000000 0.000000 0.000000 1.000000
20 0.485179 -0.791730 -0.371167 -13.894908 0.862212 0.503838 0.052331 -9.016914 0.145576 -0.345415 0.927090 1.215675 0.000000 0.000000 0.000000 1.000000
19 0.800478 -0.112530 0.588704 -32.219643 0.074864 0.993297 0.088072 -0.171897 -0.594668 -0.026427 0.803537 -2.634137 0.000000 0.000000 0.000000 1.000000
18 0.955149 -0.184157 0.231899 -28.019154 0.213463 0.970945 -0.108161 0.180876 -0.205243 0.152811 0.966708 0.369207 0.000000 0.000000 0.000000 1.000000
17 0.997218 -0.071274 -0.021827 -18.104378 0.071708 0.997229 0.019800 0.000443 0.020356 -0.021310 0.999566 -0.195428 0.000000 0.000000 0.000000 1.000000
16 0.957627 -0.286677 -0.027689 -4.916212 0.286741 0.958007 -0.001695 0.000190 0.027012 -0.006316 0.999615 -0.053088 0.000000 0.000000 0.000000 1.000000
15 0.999946 0.007065 0.007621 -4.301387 -0.007065 0.999975 -0.000050 -0.000004 -0.007621 -0.000004 0.999971 -0.013916 0.000000 0.000000 0.000000 1.000000
13 0.965913 0.064696 -0.250653 -6.344480 -0.042148 0.994650 0.094311 -3.303541 0.255414 -0.080531 0.963472 3.657446 0.000000 0.000000 0.000000 1.000000
12 0.954754 0.117510 -0.273195 -4.317011 -0.142886 0.986905 -0.074855 -3.095828 0.260821 0.110503 0.959042 3.801934 0.000000 0.000000 0.000000 1.000000
11 0.997399 -0.029613 -0.065716 -4.968810 0.024537 0.996748 -0.076755 -4.080473 0.067776 0.074943 0.994882 3.860468 0.000000 0.000000 0.000000 1.000000
9 0.965472 -0.244550 0.089771 13.025906 0.172289 0.857891 0.484086 -7.138231 -0.195397 -0.451905 0.870403 0.858406 0.000000 0.000000 0.000000 1.000000
8 0.971405 0.001482 -0.237424 0.124313 -0.134484 0.827537 -0.545065 -35.765831 0.195669 0.561409 0.804073 3.144568 0.000000 0.000000 0.000000 1.000000
7 0.987603 0.156483 0.012410 -0.111785 -0.156891 0.986565 0.045550 -40.173641 -0.005116 -0.046932 0.998885 -5.709243 0.000000 0.000000 0.000000 1.000000
6 0.998326 -0.013997 -0.056124 1.284375 0.016281 0.999049 0.040451 -16.831020 0.055504 -0.041297 0.997604 16.756786 0.000000 0.000000 0.000000 1.000000
4 0.930877 0.280853 -0.233645 -13.025906 -0.276451 0.959616 0.052085 -7.138231 0.238837 0.016106 0.970926 0.858406 0.000000 0.000000 0.000000 1.000000
3 0.989004 0.010856 -0.147491 -0.124313 -0.088364 0.843086 -0.530470 -35.765831 0.118589 0.537669 0.834774 3.144568 0.000000 0.000000 0.000000 1.000000
2 0.944127 -0.319293 -0.081706 0.111785 0.326596 0.873077 0.362037 -40.173641 -0.044261 -0.368493 0.928576 -5.709243 0.000000 0.000000 0.000000 1.000000
1 0.998127 0.061163 -0.001612 -1.284375 -0.061028 0.997121 0.045012 -16.831020 0.004360 -0.044829 0.998985 16.756786 0.000000 0.000000 0.000000 1.000000
time 3
40 0.724991 0.047163 -0.687142 0.884670 0.005498 0.997225 0.074246 91.011177 0.688736 -0.057606 0.722720 -0.948238 0.000000 0.000000 0.000000 1.000000
39 0.996520 0.023841 0.079871 0.000000 -0.015689 0.994745 -0.101178 14.652452 -0.081864 0.099573 0.991657 0.432472 0.000000 0.000000 0.000000 1.000000
38 0.986493 0.054157 0.154594 0.000000 -0.022079 0.979114 -0.202110 10.372511 -0.162311 0.195967 0.967084 0.047685 0.000000 0.000000 0.000000 1.000000
37 0.986493 0.054157 0.154594 -0.000000 -0.022079 0.979114 -0.202110 10.084998 -0.162311 0.195967 0.967084 0.302715 0.000000 0.000000 0.000000 1.000000
36 0.999797 -0.000495 -0.020151 -0.000000 0.002090 0.996856 0.079210 31.685007 0.020048 -0.079236 0.996654 0.246449 0.000000 0.000000 0.000000 1.000000
35 0.930865 0.013328 0.365119 -0.000000 -0.051425 0.994165 0.094819 11.408890 -0.361725 -0.107040 0.926120 1.920896 0.000000 0.000000 0.000000 1.000000
33 0.990418 0.137513 -0.012777 10.912857 -0.137791 0.990164 -0.024255 26.732725 0.009316 0.025783 0.999624 -2.705630 0.000000 0.000000 0.000000 1.000000
32 0.457542 0.889129 0.010224 13.894908 -0.848118 0.432926 0.305402 -9.016914 0.267116 -0.148405 0.952169 1.215675 0.000000 0.000000 0.000000 1.000000
31 0.736481 -0.052654 -0.674406 32.246170 -0.032238 0.993101 -0.112741 -0.183667 0.675689 0.104773 0.729703 -2.285661 0.000000 0.000000 0.000000 1.000000
30 0.943133 -0.332372 -0.005453 28.013548 0.317813 0.906387 -0.278312 0.183364 0.097446 0.260752 0.960475 0.670486 0.000000 0.000000 0.000000 1.000000
29 0.989069 0.083105 -0.121801 18.109711 -0.081861 0.996528 0.015191 -0.000038 0.122640 -0.005054 0.992438 0.000050 0.000000 0.000000 0.000000 1.000000
28 0.961117 0.274848 0.026702 4.183721 -0.274835 0.961482 -0.004228 -0.000026 -0.026835 -0.003275 0.999635 -0.000005 0.000000 0.000000 0.000000 1.000000
27 0.999557 0.025580 -0.015240 3.830242 -0.025580 0.999673 0.000195 -0.098050 0.015240 0.000195 0.999884 0.058395 0.000000 0.000000 0.000000 1.000000
25 0.990440 0.092563 0.102273 6.273973 -0.074449 0.982874 -0.168570 -3.207020 -0.116125 0.159345 0.980369 3.859405 0.000000 0.000000 0.000000 1.000000
24 0.999601 -0.016468 0.022939 5.060122 0.016578 0.999852 -0.004626 -2.921443 -0.022860 0.005004 0.999726 2.921605 0.000000 0.000000 0.000000 1.000000
23 1.000000 0.000012 -0.000007 5.809099 -0.000012 1.000000 -0.000003 -3.353832 0.000007 0.000003 1.000000 3.353911 0.000000 0.000000 0.000000 1.000000
21 0.971579 -0.167968 0.166799 -10.912857 0.174266 0.984412 -0.023761 26.732725 -0.160208 0.052153 0.985705 -2.705630 0.000000 0.000000 0.000000 1.000000
20 0.485802 -0.791642 -0.370539 -13.894908 0.862015 0.504083 0.053208 -9.016914 0.144661 -0.345258 0.927292 1.215675 0.000000 0.000000 0.000000 1.000000
19 0.802084 -0.112269 0.586563 -32.219643 0.074919 0.993328 0.087677 -0.171897 -0.592493 -0.026379 0.805144 -2.634137 0.000000 0.000000 0.000000 1.000000
18 0.956138 -0.182752 0.228915 -28.019154 0.211898 0.971105 -0.109789 0.180876 -0.202237 0.153480 0.967235 0.369207 0.000000 0.000000 0.000000 1.000000
17 0.997484 -0.067346 -0.022127 -18.104378 0.067784 0.997505 0.019706 0.000443 0.020745 -0.021156 0.999561 -0.195428 0.000000 0.000000 0.000000 1.000000
16 0.958943 -0.282198 -0.028136 -4.916212 0.282260 0.959336 -0.001841 0.000190 0.027511 -0.006176 0.999602 -0.053088 0.000000 0.000000 0.000000 1.000000
15 0.999946 0.007065 0.007621 -4.301387 -0.007065 0.999975 -0.000050 -0.000004 -0.007621 -0.000004 0.999971 -0.013916 0.000000 0.000000 0.000000 1.000000
13 0.965100 0.063333 -0.254108 -6.344480 -0.040963 0.994880 0.092385 -3.303541 0.258658 -0.078752 0.962753 3.657446 0.000000 0.000000 0.000000 1.000000
12 0.955134 0.115885 -0.272560 -4.317011 -0.141670 0.986927 -0.076841 -3.095828 0.260092 0.112007 0.959065 3.801934 0.000000 0.000000 0.000000 1.000000
11 0.997399 -0.029613 -0.065716 -4.968810 0.024536 0.996748 -0.076755 -4.080473 0.067776 0.074943 0.994882 3.860468 0.000000 0.000000 0.000000 1.000000
9 0.965796 -0.243577 0.088929 13.025906 0.171652 0.857609 0.484811 -7.138231 -0.194355 -0.452964 0.870086 0.858406 0.000000 0.000000 0.000000 1.000000
8 0.971963 0.000095 -0.235135 0.124313 -0.132213 0.827165 -0.546185 -35.765831 0.194443 0.561959 0.803986 3.144568 0.000000 0.000000 0.000000 1.000000
7 0.987415 0.157662 0.012424 -0.111785 -0.158074 0.986334 0.046444 -40.173641 -0.004931 -0.047823 0.998844 -5.709243 0.000000 0.000000 0.000000 1.000000
6 0.998326 -0.013997 -0.056124 1.284375 0.016281 0.999049 0.040451 -16.831020 0.055505 -0.041297 0.997604 16.756786 0.000000 0.000000 0.000000 1.000000
4 0.931030 0.280577 -0.233368 -13.025906 -0.275618 0.959733 0.054291 -7.138231 0.239204 0.013774 0.970872 0.858406 0.000000 0.000000 0.000000 1.000000
3 0.989080 0.012740 -0.146827 -0.124313 -0.089713 0.842458 -0.531240 -35.765831 0.116928 0.538611 0.834402 3.144568 0.000000 0.000000 0.000000 1.000000
2 0.943882 -0.319961 -0.081922 0.111785 0.327290 0.872793 0.362096 -40.173641 -0.044355 -0.368589 0.928534 -5.709243 0.000000 0.000000 0.000000 1.000000
1 0.998117 0.061318 -0.001791 -1.284375 -0.061175 0.997109 0.045064 -16.831020 0.004549 -0.044870 0.998982 16.756786 0.000000 0.000000 0.000000 1.000000
time 4
40 0.724607 0.046345 -0.687602 0.888841 0.005489 0.997316 0.073005 90.997421 0.689140 -0.056675 0.722408 -0.941155 0.000000 0.000000 0.000000 1.000000
39 0.996625 0.023677 0.078605 0.000000 -0.015651 0.994744 -0.101189 14.652452 -0.080588 0.099617 0.991757 0.432472 0.000000 0.000000 0.000000 1.000000
38 0.986902 0.053728 0.152108 0.000000 -0.022152 0.979110 -0.202123 10.372511 -0.159790 0.196106 0.967476 0.047685 0.000000 0.000000 0.000000 1.000000
37 0.986902 0.053728 0.152108 -0.000000 -0.022152 0.979110 -0.202123 10.084998 -0.159790 0.196106 0.967476 0.302715 0.000000 0.000000 0.000000 1.000000
36 0.999833 0.000423 -0.018262 0.000000 0.001050 0.996746 0.080600 31.685007 0.018237 -0.080606 0.996579 0.246449 0.000000 0.000000 0.000000 1.000000
35 0.927343 0.017792 0.373788 -0.000000 -0.056199 0.994162 0.092106 11.408890 -0.369968 -0.106421 0.922929 1.920896 0.000000 0.000000 0.000000 1.000000
33 0.990536 0.136654 -0.012809 10.912857 -0.136932 0.990285 -0.024197 26.732725 0.009378 0.025722 0.999625 -2.705630 0.000000 0.000000 0.000000 1.000000
32 0.456895 0.889458 0.010579 13.894908 -0.848629 0.432296 0.304875 -9.016914 0.266600 -0.148274 0.952334 1.215675 0.000000 0.000000 0.000000 1.000000
31 0.735563 -0.053005 -0.675379 32.246170 -0.032360 0.993047 -0.113180 -0.183667 0.676683 0.105106 0.728734 -2.285661 0.000000 0.000000 0.000000 1.000000
30 0.942756 -0.333444 -0.005172 28.013548 0.318912 0.905987 -0.278358 0.183364 0.097502 0.260774 0.960464 0.670486 0.000000 0.000000 0.000000 1.000000
29 0.988621 0.087752 -0.122180 18.109711 -0.086533 0.996132 0.015258 -0.000038 0.123046 -0.004511 0.992391 0.000050 0.000000 0.000000 0.000000 1.000000
28 0.959843 0.279315 0.026147 4.183721 -0.279305 0.960194 -0.004131 -0.000026 -0.026260 -0.003338 0.999650 -0.000005 0.000000 0.000000 0.000000 1.000000
27 0.999557 0.025580 -0.015240 3.830242 -0.025580 0.999673 0.000195 -0.098050 0.015240 0.000195 0.999884 0.058395 0.000000 0.000000 0.000000 1.000000
25 0.989848 0.092071 0.108280 6.273973 -0.072351 0.982135 -0.173713 -3.207020 -0.122340 0.164115 0.978825 3.859405 0.000000 0.000000 0.000000 1.000000
24 0.999387 -0.018083 0.029989 5.060122 0.018315 0.999804 -0.007469 -2.921443 -0.029848 0.008014 0.999522 2.921605 0.000000 0.000000 0.000000 1.000000
23 1.000000 0.000012 -0.000007 5.809099 -0.000012 1.000000 -0.000003 -3.353832 0.000007 0.000003 1.000000 3.353911 0.000000 0.000000 0.000000 1.000000
21 0.971335 -0.168454 0.167723 -10.912857 0.174763 0.984330 -0.023484 26.732725 -0.161139 0.052123 0.985554 -2.705630 0.000000 0.000000 0.000000 1.000000
20 0.487282 -0.790985 -0.369999 -13.894908 0.861157 0.505525 0.053414 -9.016914 0.144794 -0.344655 0.927495 1.215675 0.000000 0.000000 0.000000 1.000000
19 0.803247 -0.112637 0.584899 -32.219643 0.075959 0.993311 0.086972 -0.171897 -0.590783 -0.025431 0.806430 -2.634137 0.000000 0.000000 0.000000 1.000000
18 0.957100 -0.181030 0.226248 -28.019154 0.209858 0.971474 -0.110448 0.180876 -0.199800 0.153190 0.967788 0.369207 0.000000 0.000000 0.000000 1.000000
17 0.997780 -0.062670 -0.022525 -18.104378 0.063114 0.997814 0.019578 0.000443 0.021248 -0.020956 0.999555 -0.195428 0.000000 0.000000 0.000000 1.000000
16 0.960311 -0.277460 -0.028604 -4.916212 0.277518 0.960718 -0.002004 0.000190 0.028036 -0.006014 0.999589 -0.053088 0.000000 0.000000 0.000000 1.000000
15 0.999946 0.007065 0.007621 -4.301387 -0.007065 0.999975 -0.000050 -0.000004 -0.007621 -0.000004 0.999971 -0.013916 0.000000 0.000000 0.000000 1.000000
13 0.965000 0.059672 -0.255371 -6.344480 -0.038403 0.995426 0.087480 -3.303541 0.259423 -0.074611 0.962877 3.657446 0.000000 0.000000 0.000000 1.000000
12 0.955105 0.115411 -0.272863 -4.317011 -0.141329 0.986944 -0.077252 -3.095828 0.260384 0.112347 0.958946 3.801934 0.000000 0.000000 0.000000 1.000000
11 0.997399 -0.029613 -0.065716 -4.968810 0.024536 0.996748 -0.076755 -4.080473 0.067776 0.074943 0.994882 3.860468 0.000000 0.000000 0.000000 1.000000
9 0.966180 -0.242492 0.087716 13.025906 0.170952 0.856991 0.486149 -7.138231 -0.193059 -0.454713 0.869462 0.858406 0.000000 0.000000 0.000000 1.000000
8 0.972476 -0.001552 -0.232996 0.124313 -0.129905 0.826527 -0.547703 -35.765831 0.193427 0.562896 0.803576 3.144568 0.000000 0.000000 0.000000 1.000000
7 0.987237 0.158780 0.012321 -0.111785 -0.159191 0.986106 0.047459 -40.173641 -0.004614 -0.048815 0.998797 -5.709243 0.000000 0.000000 0.000000 1.000000
6 0.998326 -0.013997 -0.056124 1.284375 0.016281 0.999049 0.040451 -16.831020 0.055505 -0.041297 0.997604 16.756786 0.000000 0.000000 0.000000 1.000000
4 0.931344 0.279945 -0.232871 -13.025906 -0.274467 0.959947 0.056296 -7.138231 0.239303 0.011484 0.970877 0.858406 0.000000 0.000000 0.000000 1.000000
3 0.989017 0.014521 -0.147089 -0.124313 -0.091471 0.841829 -0.531937 -35.765831 0.116100 0.539549 0.833911 3.144568 0.000000 0.000000 0.000000 1.000000
2 0.943543 -0.320902 -0.082146 0.111785 0.328234 0.872370 0.362260 -40.173641 -0.044588 -0.368772 0.928450 -5.709243 0.000000 0.000000 0.000000 1.000000
1 0.998111 0.061409 -0.001987 -1.284375 -0.061257 0.997104 0.045059 -16.831020 0.004748 -0.044852 0.998982 16.756786 0.000000 0.000000 0.000000 1.000000
time 5
40 0.724583 0.045350 -0.687694 0.886752 0.005742 0.997401 0.071823 90.992477 0.689163 -0.055990 0.722439 -0.938352 0.000000 0.000000 0.000000 1.000000
39 0.996750 0.023630 0.077018 0.000000 -0.015755 0.994732 -0.101294 14.652452 -0.079006 0.099751 0.991871 0.432472 0.000000 0.000000 0.000000 1.000000
38 0.987394 0.053487 0.148972 0.000000 -0.022510 0.979059 -0.202328 10.372511 -0.156674 0.196424 0.967921 0.047685 0.000000 0.000000 0.000000 1.000000
37 0.987394 0.053487 0.148972 -0.000000 -0.022510 0.979059 -0.202328 10.084998 -0.156674 0.196424 0.967921 0.302715 0.000000 0.000000 0.000000 1.000000
36 0.999861 0.001445 -0.016607 -0.000000 -0.000069 0.996585 0.082579 31.685007 0.016670 -0.082566 0.996446 0.246449 0.000000 0.000000 0.000000 1.000000
35 0.922869 0.021637 0.384505 -0.000000 -0.060718 0.994108 0.089791 11.408890 -0.380297 -0.106212 0.918745 1.920896 0.000000 0.000000 0.000000 1.000000
33 0.990636 0.135914 -0.012977 10.912857 -0.136196 0.990388 -0.024129 26.732725 0.009573 0.025671 0.999625 -2.705630 0.000000 0.000000 0.000000 1.000000
32 0.456423 0.889692 0.011200 13.894908 -0.849102 0.431769 0.304303 -9.016914 0.265901 -0.148401 0.952509 1.215675 0.000000 0.000000 0.000000 1.000000
31 0.734324 -0.052905 -0.676734 32.246170 -0.032275 0.993109 -0.112660 -0.183667 0.678032 0.104570 0.727556 -2.285661 0.000000 0.000000 0.000000 1.000000
30 0.943237 -0.332082 -0.005093 28.013548 0.317719 0.906695 -0.277414 0.183364 0.096742 0.260049 0.960737 0.670486 0.000000 0.000000 0.000000 1.000000
29 0.988103 0.092738 -0.122685 18.109711 -0.091536 0.995683 0.015407 -0.000038 0.123584 -0.003994 0.992326 0.000050 0.000000 0.000000 0.000000 1.000000
28 0.958605 0.283585 0.025615 4.183721 -0.283577 0.958941 -0.004038 -0.000026 -0.025708 -0.003393 0.999664 -0.000005 0.000000 0.000000 0.000000 1.000000
27 0.999557 0.025580 -0.015240 3.830242 -0.025580 0.999673 0.000195 -0.098050 0.015240 0.000195 0.999884 0.058395 0.000000 0.000000 0.000000 1.000000
25 0.989125 0.091142 0.115434 6.273973 -0.069846 0.981786 -0.176683 -3.207020 -0.129435 0.166699 0.977475 3.859405 0.000000 0.000000 0.000000 1.000000
24 0.999082 -0.018351 0.038699 5.060122 0.018825 0.999752 -0.011918 -2.921443 -0.038471 0.012635 0.999180 2.921605 0.000000 0.000000 0.000000 1.000000
23 1.000000 0.000012 -0.000007 5.809099 -0.000012 1.000000 -0.000003 -3.353832 0.000007 0.000003 1.000000 3.353911 0.000000 0.000000 0.000000 1.000000
21 0.971100 -0.168726 0.168808 -10.912857 0.175074 0.984278 -0.023349 26.732725 -0.162215 0.052228 0.985372 -2.705630 0.000000 0.000000 0.000000 1.000000
20 0.488334 -0.790776 -0.369057 -13.894908 0.860739 0.506125 0.054454 -9.016914 0.143728 -0.344253 0.927810 1.215675 0.000000 0.000000 0.000000 1.000000
19 0.805319 -0.112730 0.582025 -32.219643 0.076332 0.993300 0.086772 -0.171897 -0.587907 -0.025452 0.808528 -2.634137 0.000000 0.000000 0.000000 1.000000
18 0.958048 -0.178767 0.224025 -28.019154 0.207435 0.971865 -0.111577 0.180876 -0.197776 0.153367 0.968175 0.369207 0.000000 0.000000 0.000000 1.000000
17 0.998059 -0.057752 -0.023316 -18.104378 0.058208 0.998116 0.019381 0.000443 0.022152 -0.020701 0.999540 -0.195428 0.000000 0.000000 0.000000 1.000000
16 0.961684 -0.272614 -0.029083 -4.916212 0.272667 0.962106 -0.002177 0.000190 0.028574 -0.005837 0.999575 -0.053088 0.000000 0.000000 0.000000 1.000000
15 0.999946 0.007065 0.007621 -4.301387 -0.007065 0.999975 -0.000050 -0.000004 -0.007621 -0.000004 0.999971 -0.013916 0.000000 0.000000 0.000000 1.000000
13 0.964666 0.057058 -0.257222 -6.344480 -0.036474 0.995789 0.084102 -3.303541 0.260938 -0.071748 0.962686 3.657446 0.000000 0.000000 0.000000 1.000000
12 0.955344 0.114589 -0.272374 -4.317011 -0.140632 0.986982 -0.078037 -3.095828 0.259886 0.112857 0.959022 3.801934 0.000000 0.000000 0.000000 1.000000
11 0.997399 -0.029612 -0.065716 -4.968810 0.024536 0.996748 -0.076755 -4.080473 0.067776 0.074943 0.994882 3.860468 0.000000 0.000000 0.000000 1.000000
9 0.966483 -0.241473 0.087186 13.025906 0.170069 0.856589 0.487168 -7.138231 -0.192320 -0.456012 0.868945 0.858406 0.000000 0.000000 0.000000 1.000000
8 0.972750 -0.002639 -0.231841 0.124313 -0.128419 0.826416 -0.548220 -35.765831 0.193044 0.563054 0.803557 3.144568 0.000000 0.000000 0.000000 1.000000
7 0.987150 0.159329 0.012201 -0.111785 -0.159735 0.985996 0.047923 -40.173641 -0.004395 -0.049256 0.998777 -5.709243 0.000000 0.000000 0.000000 1.000000
6 0.998320 -0.014067 -0.056214 1.284375 0.016354 0.999048 0.040442 -16.831020 0.055592 -0.041293 0.997599 16.756786 0.000000 0.000000 0.000000 1.000000
4 0.931617 0.279359 -0.232485 -13.025906 -0.273477 0.960138 0.057842 -7.138231 0.239377 0.009692 0.970878 0.858406 0.000000 0.000000 0.000000 1.000000
3 0.988868 0.016273 -0.147904 -0.124313 -0.093451 0.841428 -0.532227 -35.765831 0.115789 0.540124 0.833582 3.144568 0.000000 0.000000 0.000000 1.000000
2 0.943154 -0.321982 -0.082396 0.111785 0.329322 0.871939 0.362311 -40.173641 -0.044813 -0.368849 0.928408 -5.709243 0.000000 0.000000 0.000000 1.000000
1 0.998101 0.061554 -0.002205 -1.284375 -0.061393 0.997096 0.045058 -16.831020 0.004972 -0.044838 0.998982 16.756786 0.000000 0.000000 0.000000 1.000000
time 6
40 0.724633 0.044075 -0.687724 0.888747 0.006034 0.997509 0.070287 90.994255 0.689109 -0.055081 0.722561 -0.938029 0.000000 0.000000 0.000000 1.000000
39 0.996882 0.023571 0.075301 -0.000000 -0.015860 0.994718 -0.101412 14.652452 -0.077293 0.099902 0.991991 0.432472 0.000000 0.000000 0.000000 1.000000
38 0.987915 0.053205 0.145580 0.000000 -0.022877 0.979004 -0.202555 10.372511 -0.153300 0.196776 0.968389 0.047685 0.000000 0.000000 0.000000 1.000000
37 0.987915 0.053205 0.145580 -0.000000 -0.022877 0.979004 -0.202555 10.084998 -0.153300 0.196776 0.968389 0.302715 0.000000 0.000000 0.000000 1.000000
36 0.999916 0.001965 -0.012802 -0.000000 -0.000869 0.996378 0.085032 31.685007 0.012923 -0.085014 0.996296 0.246449 0.000000 0.000000 0.000000 1.000000
35 0.915684 0.027410 0.400963 -0.000000 -0.068498 0.993718 0.088498 11.408890 -0.396019 -0.108501 0.911810 1.920896 0.000000 0.000000 0.000000 1.000000
33 0.990693 0.135479 -0.013182 10.912857 -0.135766 0.990448 -0.024087 26.732725 0.009793 0.025653 0.999623 -2.705630 0.000000 0.000000 0.000000 1.000000
32 0.456110 0.889846 0.011709 13.894908 -0.849525 0.431448 0.303579 -9.016914 0.265087 -0.148413 0.952734 1.215675 0.000000 0.000000 0.000000 1.000000
31 0.733295 -0.053377 -0.677813 32.246170 -0.032565 0.993012 -0.113430 -0.183667 0.679131 0.105250 0.726432 -2.285661 0.000000 0.000000 0.000000 1.000000
30 0.942875 -0.333128 -0.003550 28.013548 0.319069 0.906045 -0.277987 0.183364 0.095822 0.260974 0.960578 0.670486 0.000000 0.000000 0.000000 1.000000
29 0.987494 0.097725 -0.123712 18.109711 -0.096500 0.995206 0.015868 -0.000038 0.124669 -0.003732 0.992191 0.000050 0.000000 0.000000 0.000000 1.000000
28 0.957359 0.287808 0.025087 4.183721 -0.287802 0.957682 -0.003949 -0.000026 -0.025162 -0.003439 0.999677 -0.000005 0.000000 0.000000 0.000000 1.000000
27 0.999557 0.025580 -0.015241 3.830242 -0.025580 0.999673 0.000195 -0.098050 0.015241 0.000195 0.999884 0.058395 0.000000 0.000000 0.000000 1.000000
25 0.988413 0.089555 0.122554 6.273973 -0.066804 0.981660 -0.178554 -3.207020 -0.136296 0.168298 0.976268 3.859405 0.000000 0.000000 0.000000 1.000000
24 0.998728 -0.019177 0.046627 5.060122 0.019928 0.999678 -0.015693 -2.921443 -0.046312 0.016603 0.998789 2.921605 0.000000 0.000000 0.000000 1.000000
23 1.000000 0.000012 -0.000007 5.809099 -0.000012 1.000000 -0.000003 -3.353832 0.000007 0.000003 1.000000 3.353911 0.000000 0.000000 0.000000 1.000000
21 0.970834 -0.168544 0.170514 -10.912857 0.174947 0.984306 -0.023140 26.732725 -0.163938 0.052296 0.985084 -2.705630 0.000000 0.000000 0.000000 1.000000
20 0.489079 -0.790553 -0.368548 -13.894908 0.860487 0.506431 0.055585 -9.016914 0.142701 -0.344316 0.927946 1.215675 0.000000 0.000000 0.000000 1.000000
19 0.807462 -0.112926 0.579010 -32.219643 0.076552 0.993266 0.086963 -0.171897 -0.584932 -0.025895 0.810669 -2.634137 0.000000 0.000000 0.000000 1.000000
18 0.959101 -0.177332 0.220632 -28.019154 0.205771 0.972026 -0.113238 0.180876 -0.194380 0.154007 0.968761 0.369207 0.000000 0.000000 0.000000 1.000000
17 0.998261 -0.053914 -0.023833 -18.104378 0.054378 0.998335 0.019249 0.000443 0.022756 -0.020511 0.999531 -0.195428 0.000000 0.000000 0.000000 1.000000
16 0.963024 -0.267792 -0.029553 -4.916212 0.267841 0.963460 -0.002351 0.000190 0.029103 -0.005652 0.999560 -0.053088 0.000000 0.000000 0.000000 1.000000
15 0.999946 0.007065 0.007621 -4.301387 -0.007065 0.999975 -0.000050 -0.000004 -0.007621 -0.000004 0.999971 -0.013916 0.000000 0.000000 0.000000 1.000000
13 0.964879 0.052554 -0.257385 -6.344480 -0.033229 0.996331 0.078868 -3.303541 0.260586 -0.067545 0.963085 3.657446 0.000000 0.000000 0.000000 1.000000
12 0.955162 0.114072 -0.273227 -4.317011 -0.140204 0.987042 -0.078047 -3.095828 0.260783 0.112855 0.958778 3.801934 0.000000 0.000000 0.000000 1.000000
11 0.997399 -0.029613 -0.065716 -4.968810 0.024536 0.996748 -0.076755 -4.080473 0.067775 0.074943 0.994882 3.860468 0.000000 0.000000 0.000000 1.000000
9 0.966627 -0.240849 0.087313 13.025906 0.169165 0.856017 0.488485 -7.138231 -0.192393 -0.457413 0.868193 0.858406 0.000000 0.000000 0.000000 1.000000
8 0.972831 -0.003080 -0.231495 0.124313 -0.127820 0.826556 -0.548148 -35.765831 0.193032 0.562846 0.803706 3.144568 0.000000 0.000000 0.000000 1.000000
7 0.987159 0.159289 0.012002 -0.111785 -0.159685 0.985999 0.048026 -40.173641 -0.004184 -0.049326 0.998774 -5.709243 0.000000 0.000000 0.000000 1.000000
6 0.998306 -0.014238 -0.056408 1.284375 0.016533 0.999046 0.040420 -16.831020 0.055779 -0.041284 0.997589 16.756786 0.000000 0.000000 0.000000 1.000000
4 0.931940 0.278631 -0.232061 -13.025906 -0.272274 0.960368 0.059663 -7.138231 0.239488 0.007581 0.970870 0.858406 0.000000 0.000000 0.000000 1.000000
3 0.988703 0.018211 -0.148778 -0.124313 -0.095587 0.841166 -0.532262 -35.765831 0.115454 0.540470 0.833404 3.144568 0.000000 0.000000 0.000000 1.000000
2 0.942822 -0.322884 -0.082659 0.111785 0.330260 0.871647 0.362159 -40.173641 -0.044886 -0.368751 0.928444 -5.709243 0.000000 0.000000 0.000000 1.000000
1 0.998106 0.061478 -0.002360 -1.284375 -0.061310 0.997101 0.045063 -16.831020 0.005123 -0.044833 0.998981 16.756786 0.000000 0.000000 0.000000 1.000000
time 7
40 0.725028 0.042508 -0.687406 0.887302 0.006661 0.997614 0.068716 91.012894 0.688687 -0.054400 0.723015 -0.939230 0.000000 0.000000 0.000000 1.000000
39 0.997022 0.023609 0.073414 -0.000000 -0.016078 0.994703 -0.101529 14.652452 -0.075422 0.100046 0.992120 0.432472 0.000000 0.000000 0.000000 1.000000
38 0.988465 0.053077 0.141846 0.000000 -0.023466 0.978942 -0.202784 10.372511 -0.149622 0.197117 0.968895 0.047685 0.000000 0.000000 0.000000 1.000000
37 0.988465 0.053077 0.141846 -0.000000 -0.023466 0.978942 -0.202784 10.084998 -0.149622 0.197116 0.968895 0.302715 0.000000 0.000000 0.000000 1.000000
36 0.999981 0.002433 -0.005684 -0.000000 -0.001919 0.996058 0.088680 31.685007 0.005878 -0.088668 0.996044 0.246449 0.000000 0.000000 0.000000 1.000000
35 0.903816 0.034744 0.426508 -0.000000 -0.080288 0.992767 0.089265 11.408890 -0.420321 -0.114923 0.900068 1.920896 0.000000 0.000000 0.000000 1.000000
33 0.990863 0.134187 -0.013604 10.912857 -0.134484 0.990627 -0.023913 26.732725 0.010268 0.025524 0.999621 -2.705630 0.000000 0.000000 0.000000 1.000000
32 0.454821 0.890494 0.012578 13.894908 -0.850432 0.430080 0.302978 -9.016914 0.264391 -0.148498 0.952914 1.215675 0.000000 0.000000 0.000000 1.000000
31 0.733379 -0.052743 -0.677771 32.246170 -0.032680 0.993098 -0.112642 -0.183667 0.679034 0.104759 0.726593 -2.285661 0.000000 0.000000 0.000000 1.000000
30 0.943175 -0.332260 -0.004856 28.013548 0.318026 0.906812 -0.276679 0.183364 0.096333 0.259413 0.960950 0.670486 0.000000 0.000000 0.000000 1.000000
29 0.987066 0.101574 -0.124028 18.109711 -0.100388 0.994823 0.015790 -0.000038 0.124989 -0.003135 0.992153 0.000050 0.000000 0.000000 0.000000 1.000000
28 0.956060 0.292143 0.024547 4.183721 -0.292138 0.956368 -0.003853 -0.000026 -0.024601 -0.003487 0.999691 -0.000005 0.000000 0.000000 0.000000 1.000000
27 0.999557 0.025580 -0.015240 3.830242 -0.025580 0.999673 0.000195 -0.098050 0.015240 0.000195 0.999884 0.058395 0.000000 0.000000 0.000000 1.000000
25 0.987445 0.089986 0.129825 6.273973 -0.065007 0.980548 -0.185203 -3.207020 -0.143965 0.174438 0.974087 3.859405 0.000000 0.000000 0.000000 1.000000
24 0.998390 -0.021170 0.052615 5.060122 0.022196 0.999573 -0.018989 -2.921443 -0.052191 0.020126 0.998434 2.921605 0.000000 0.000000 0.000000 1.000000
23 1.000000 0.000012 -0.000007 5.809099 -0.000012 1.000000 -0.000003 -3.353832 0.000007 0.000003 1.000000 3.353911 0.000000 0.000000 0.000000 1.000000
21 0.970659 -0.168336 0.171708 -10.912857 0.174761 0.984344 -0.022905 26.732725 -0.165164 0.052241 0.984882 -2.705630 0.000000 0.000000 0.000000 1.000000
