keyframes
0.000000
0.033333
0.066667
0.100000
0.133333
0.166667
0.200000
0.233333
0.266667
0.300000
0.333333
0.366667
0.400000
0.433333
0.466667
0.500000
0.533333
0.566667
0.600000
0.633333
0.666667
0.700000
0.733333
0.766667
0.800000
0.833333
0.866667
0.900000
0.933333
0.966667
1.000000
1.033333
1.066667
1.100000
1.133333
1.166667
1.200000
1.233333
1.266667
1.300000
1.333333
1.366667
1.400000
1.433333
1.466667
1.500000
1.533333
1.566667
1.600000
1.633333
1.666667
1.700000
1.733333
1.766667
1.800000
1.833333
1.866667
1.900000
1.933333
1.966667
2.000000
2.033333
2.066667
2.100000
2.133333
2.166667
2.200000
2.233333
2.266667
2.300000
2.333333
2.366667
2.400000
2.433333
2.466667
2.500000
2.533333
2.566667
2.600000
2.633333
2.666667
2.700000
2.733333
2.766667
2.800000
2.833333
2.866667
2.900000
2.933333
2.966667
3.000000
3.033333
3.066667
3.100000
3.133333
3.166667
3.200000
3.233333
3.266667
3.300000
3.333333
3.366667
3.400000
3.433333
3.466667
3.500000
3.533333
3.566667
3.600000
3.633333
3.666667
3.700000
3.733333
3.766667
3.800000
3.833333
3.866667
3.900000
3.933333
3.966667
4.000000
time 0
35 0.729843 0.049673 -0.681807 0.453532 0.004556 0.996981 0.077513 84.830185 0.683599 -0.059679 0.727414 -0.488498 0.000000 0.000000 0.000000 1.000000
34 0.996522 0.023639 0.079910 -0.000000 -0.015459 0.994718 -0.101472 10.763858 -0.081887 0.099884 0.991624 1.243517 0.000000 0.000000 0.000000 1.000000
33 0.986154 0.053134 0.157091 -0.018927 -0.020485 0.979056 -0.202560 13.061344 -0.164564 0.196537 0.966588 0.227481 0.000000 0.000000 0.000000 1.000000
32 0.986154 0.053134 0.157091 -0.021630 -0.020485 0.979056 -0.202560 12.988213 -0.164564 0.196537 0.966588 -0.916687 0.000000 0.000000 0.000000 1.000000
31 0.999972 -0.001386 -0.007375 -0.011927 0.001570 0.999685 0.025041 24.670660 0.007338 -0.025051 0.999659 2.028101 0.000000 0.000000 0.000000 1.000000
30 0.999972 -0.001386 -0.007376 -0.000000 0.001570 0.999685 0.025041 8.817325 0.007339 -0.025052 0.999659 6.102616 0.000000 0.000000 0.000000 1.000000
29 0.990493 0.137025 -0.012165 9.553568 -0.137287 0.990235 -0.024211 16.065386 0.008728 0.025651 0.999633 -5.227832 0.000000 0.000000 0.000000 1.000000
28 0.450909 0.892410 0.016886 17.892990 -0.855372 0.426635 0.293806 2.066080 0.254991 -0.146924 0.955716 -0.922929 0.000000 0.000000 0.000000 1.000000
27 0.711536 -0.064352 -0.699697 26.374767 -0.023958 0.992996 -0.115690 -0.000102 0.702241 0.099081 0.705011 -1.459064 0.000000 0.000000 0.000000 1.000000
25 0.972024 -0.167772 0.164385 -9.553568 0.174023 0.984442 -0.024288 16.065386 -0.157752 0.052215 0.986097 -5.227832 0.000000 0.000000 0.000000 1.000000
24 0.470469 -0.793684 -0.385650 -17.811876 0.865883 0.499436 0.028463 2.066080 0.170017 -0.347318 0.922206 -0.922929 0.000000 0.000000 0.000000 1.000000
23 0.773488 -0.102855 0.625410 -26.374767 0.062367 0.994307 0.086392 -0.000102 -0.630735 -0.027818 0.775499 -1.459064 0.000000 0.000000 0.000000 1.000000
22 0.949133 -0.248869 -0.192900 -26.753433 0.187244 0.938633 -0.289670 0.000357 0.253152 0.238816 0.937486 0.000016 0.000000 0.000000 0.000000 1.000000
21 0.995271 -0.075543 0.061059 -2.492348 0.059171 0.970036 0.235648 -4.446348 -0.077031 -0.230920 0.969919 6.163476 0.000000 0.000000 0.000000 1.000000
20 0.992423 -0.010924 -0.122381 -6.602643 0.002764 0.997773 -0.066651 -4.314004 0.122836 0.065808 0.990243 6.890449 0.000000 0.000000 0.000000 1.000000
19 0.985541 -0.107264 0.131162 -6.784767 0.108471 0.994097 -0.002068 -2.966900 -0.130166 0.016266 0.991359 4.170527 0.000000 0.000000 0.000000 1.000000
17 0.910864 -0.009215 0.412604 -18.447754 0.008198 0.999957 0.004235 1.479890 -0.412625 -0.000475 0.910901 8.654249 0.000000 0.000000 0.000000 1.000000
16 0.956417 -0.291880 0.008502 -7.514380 0.291877 0.956454 0.001696 0.000000 -0.008627 0.000859 0.999962 -0.000000 0.000000 0.000000 0.000000 1.000000
15 0.995433 0.090476 -0.030459 -7.489388 -0.090476 0.995898 0.001381 0.000000 0.030459 0.001381 0.999535 -0.000000 0.000000 0.000000 0.000000 1.000000
13 0.901610 -0.317732 0.293507 -17.507765 0.348709 0.935399 -0.058579 -0.477745 -0.255933 0.155164 0.954160 -10.003080 0.000000 0.000000 0.000000 1.000000
12 0.746555 -0.634998 0.198579 -7.044222 0.639934 0.767002 0.046825 0.000000 -0.182044 0.092120 0.978966 -0.000000 0.000000 0.000000 0.000000 1.000000
11 1.000000 0.000000 0.000000 -7.078903 -0.000000 1.000000 0.000000 0.000000 0.000000 0.000000 1.000000 -0.000000 0.000000 0.000000 0.000000 1.000000
9 0.962531 -0.254811 0.092761 13.655973 0.185107 0.867386 0.461927 -7.135242 -0.198164 -0.427448 0.882054 0.129696 0.000000 0.000000 0.000000 1.000000
8 0.967927 0.003553 -0.251208 0.000027 -0.148511 0.814588 -0.560705 -35.919125 0.202639 0.580028 0.788989 1.481440 0.000000 0.000000 0.000000 1.000000
7 0.988041 0.153422 0.015414 0.000000 -0.154192 0.983680 0.092727 -34.307396 -0.000936 -0.093994 0.995572 -2.646744 0.000000 0.000000 0.000000 1.000000
6 0.998326 -0.013997 -0.056124 0.000000 0.016281 0.999049 0.040451 -15.193100 0.055505 -0.041297 0.997604 14.911814 0.000000 0.000000 0.000000 1.000000
4 0.930541 0.269342 -0.248089 -13.655973 -0.278077 0.960559 -0.000175 -7.135242 0.238257 0.069151 0.968737 0.129696 0.000000 0.000000 0.000000 1.000000
3 0.989538 0.006251 -0.144137 -0.000027 -0.083780 0.838244 -0.538821 -35.919125 0.117454 0.545259 0.829998 1.481440 0.000000 0.000000 0.000000 1.000000
2 0.941823 -0.323218 -0.092190 -0.000000 0.331389 0.847185 0.415282 -34.307396 -0.056125 -0.421673 0.905009 -2.646744 0.000000 0.000000 0.000000 1.000000
1 0.998130 0.061105 -0.001400 -0.000000 -0.060980 0.997124 0.045006 -15.193100 0.004146 -0.044836 0.998986 14.911814 0.000000 0.000000 0.000000 1.000000
time 1
35 0.728177 0.048820 -0.683649 0.458505 0.005080 0.997048 0.076611 84.835213 0.685371 -0.059259 0.725779 -0.480435 0.000000 0.000000 0.000000 1.000000
34 0.996511 0.023948 0.079950 -0.000000 -0.015777 0.994729 -0.101321 10.763858 -0.081955 0.099706 0.991636 1.243517 0.000000 0.000000 0.000000 1.000000
33 0.986111 0.053771 0.157145 -0.018927 -0.021152 0.979097 -0.202292 13.061344 -0.164738 0.196159 0.966635 0.227481 0.000000 0.000000 0.000000 1.000000
32 0.986111 0.053771 0.157145 -0.021630 -0.021152 0.979097 -0.202292 12.988213 -0.164738 0.196159 0.966635 -0.916687 0.000000 0.000000 0.000000 1.000000
31 0.999971 -0.001146 -0.007580 -0.011927 0.001340 0.999673 0.025531 24.670660 0.007549 -0.025540 0.999645 2.028101 0.000000 0.000000 0.000000 1.000000
30 0.999971 -0.001146 -0.007580 -0.000000 0.001340 0.999673 0.025531 8.817325 0.007549 -0.025541 0.999645 6.102616 0.000000 0.000000 0.000000 1.000000
29 0.990489 0.137034 -0.012390 9.553568 -0.137302 0.990232 -0.024251 16.065386 0.008946 0.025721 0.999629 -5.227832 0.000000 0.000000 0.000000 1.000000
28 0.451685 0.892019 0.016847 17.892990 -0.855071 0.427432 0.293521 2.066080 0.254625 -0.146984 0.955804 -0.922929 0.000000 0.000000 0.000000 1.000000
27 0.710927 -0.064492 -0.700302 26.374767 -0.024231 0.992949 -0.116042 -0.000102 0.702848 0.099466 0.704352 -1.459064 0.000000 0.000000 0.000000 1.000000
25 0.971785 -0.168097 0.165459 -9.553568 0.174360 0.984390 -0.023979 16.065386 -0.158845 0.052152 0.985925 -5.227832 0.000000 0.000000 0.000000 1.000000
24 0.471070 -0.793797 -0.384680 -17.811876 0.865680 0.499768 0.028805 2.066080 0.169386 -0.346579 0.922600 -0.922929 0.000000 0.000000 0.000000 1.000000
23 0.775068 -0.103047 0.623419 -26.374767 0.063128 0.994305 0.085868 -0.000102 -0.628717 -0.027198 0.777159 -1.459064 0.000000 0.000000 0.000000 1.000000
22 0.949452 -0.246193 -0.194755 -26.753433 0.184308 0.939417 -0.289008 0.000357 0.254108 0.238504 0.937307 0.000016 0.000000 0.000000 0.000000 1.000000
21 0.995106 -0.077378 0.061458 -2.492348 0.061426 0.971569 0.228649 -4.446348 -0.077403 -0.223755 0.971567 6.163476 0.000000 0.000000 0.000000 1.000000
20 0.992415 -0.009911 -0.122531 -6.602643 0.001843 0.997832 -0.065780 -4.314004 0.122918 0.065055 0.990282 6.890449 0.000000 0.000000 0.000000 1.000000
19 0.985541 -0.107264 0.131162 -6.784767 0.108471 0.994097 -0.002068 -2.966900 -0.130166 0.016266 0.991359 4.170527 0.000000 0.000000 0.000000 1.000000
17 0.911138 -0.006032 0.412057 -18.447754 0.004719 0.999980 0.004203 1.479890 -0.412074 -0.001886 0.911148 8.654249 0.000000 0.000000 0.000000 1.000000
16 0.956793 -0.290653 0.008257 -7.514380 0.290649 0.956828 0.001624 0.000000 -0.008372 0.000846 0.999965 -0.000000 0.000000 0.000000 0.000000 1.000000
15 0.995433 0.090476 -0.030459 -7.489388 -0.090476 0.995898 0.001381 0.000000 0.030459 0.001381 0.999535 -0.000000 0.000000 0.000000 0.000000 1.000000
13 0.902961 -0.314596 0.292730 -17.507765 0.345410 0.936602 -0.058897 -0.477745 -0.255642 0.154293 0.954380 -10.003080 0.000000 0.000000 0.000000 1.000000
12 0.748928 -0.632330 0.198154 -7.044222 0.637244 0.769268 0.046333 0.000000 -0.181732 0.091572 0.979075 -0.000000 0.000000 0.000000 0.000000 1.000000
11 1.000000 -0.000000 0.000000 -7.078903 0.000000 1.000000 0.000000 0.000000 0.000000 -0.000000 1.000000 0.000000 0.000000 0.000000 0.000000 1.000000
9 0.962694 -0.254203 0.092740 13.655973 0.184618 0.867610 0.461703 -7.135242 -0.197828 -0.427357 0.882173 0.129696 0.000000 0.000000 0.000000 1.000000
8 0.968665 0.002611 -0.248359 0.000027 -0.146086 0.814681 -0.561208 -35.919125 0.200867 0.579904 0.789534 1.481440 0.000000 0.000000 0.000000 1.000000
7 0.987833 0.154732 0.015630 0.000000 -0.155517 0.983403 0.093446 -34.307396 -0.000912 -0.094740 0.995502 -2.646744 0.000000 0.000000 0.000000 1.000000
6 0.998326 -0.013997 -0.056124 0.000000 0.016281 0.999049 0.040451 -15.193100 0.055505 -0.041297 0.997604 14.911814 0.000000 0.000000 0.000000 1.000000
4 0.930501 0.269719 -0.247830 -13.655973 -0.277791 0.960638 0.002494 -7.135242 0.238748 0.066524 0.968800 0.129696 0.000000 0.000000 0.000000 1.000000
3 0.989796 0.008331 -0.142251 -0.000027 -0.084593 0.837699 -0.539541 -35.919125 0.114668 0.546069 0.829856 1.481440 0.000000 0.000000 0.000000 1.000000
2 0.941751 -0.323413 -0.092240 -0.000000 0.331592 0.847157 0.415176 -34.307396 -0.056132 -0.421578 0.905053 -2.646744 0.000000 0.000000 0.000000 1.000000
1 0.998135 0.061033 -0.001406 -0.000000 -0.060907 0.997126 0.045066 -15.193100 0.004153 -0.044897 0.998983 14.911814 0.000000 0.000000 0.000000 1.000000
time 2
35 0.726614 0.047598 -0.685395 0.463757 0.005651 0.997150 0.075238 84.841461 0.687023 -0.058542 0.724274 -0.476001 0.000000 0.000000 0.000000 1.000000
34 0.996536 0.024141 0.079576 -0.000000 -0.016018 0.994739 -0.101185 10.763858 -0.081600 0.099560 0.991680 1.243517 0.000000 0.000000 0.000000 1.000000
33 0.986209 0.054138 0.156397 -0.018927 -0.021708 0.979136 -0.202045 13.061344 -0.164072 0.195863 0.966808 0.227481 0.000000 0.000000 0.000000 1.000000
32 0.986209 0.054138 0.156397 -0.021630 -0.021708 0.979136 -0.202045 12.988213 -0.164072 0.195863 0.966808 -0.916687 0.000000 0.000000 0.000000 1.000000
31 0.999973 -0.000663 -0.007299 -0.011927 0.000852 0.999665 0.025875 24.670660 0.007280 -0.025881 0.999639 2.028101 0.000000 0.000000 0.000000 1.000000
30 0.999973 -0.000663 -0.007300 -0.000000 0.000852 0.999665 0.025875 8.817325 0.007280 -0.025881 0.999639 6.102616 0.000000 0.000000 0.000000 1.000000
29 0.990421 0.137498 -0.012693 9.553568 -0.137773 0.990167 -0.024241 16.065386 0.009235 0.025758 0.999626 -5.227832 0.000000 0.000000 0.000000 1.000000
28 0.452150 0.891776 0.017212 17.892990 -0.855124 0.427919 0.292656 2.066080 0.253618 -0.147043 0.956063 -0.922929 0.000000 0.000000 0.000000 1.000000
27 0.710192 -0.064518 -0.701046 26.374767 -0.024453 0.992930 -0.116152 -0.000102 0.703583 0.099633 0.703593 -1.459064 0.000000 0.000000 0.000000 1.000000
25 0.971728 -0.167670 0.166227 -9.553568 0.173972 0.984458 -0.024000 16.065386 -0.159619 0.052240 0.985795 -5.227832 0.000000 0.000000 0.000000 1.000000
24 0.471020 -0.794220 -0.383867 -17.811876 0.865963 0.499227 0.029670 2.066080 0.168072 -0.346390 0.922911 -0.922929 0.000000 0.000000 0.000000 1.000000
23 0.777518 -0.102733 0.620412 -26.374767 0.063217 0.994337 0.085425 -0.000102 -0.625675 -0.027199 0.779610 -1.459064 0.000000 0.000000 0.000000 1.000000
22 0.949389 -0.244039 -0.197753 -26.753433 0.181078 0.939659 -0.290261 0.000357 0.256655 0.239762 0.936292 0.000016 0.000000 0.000000 0.000000 1.000000
21 0.995121 -0.078416 0.059880 -2.492348 0.063132 0.972464 0.224339 -4.446348 -0.075823 -0.219464 0.972670 6.163476 0.000000 0.000000 0.000000 1.000000
20 0.992424 -0.010219 -0.122432 -6.602643 0.002110 0.997805 -0.066180 -4.314004 0.122840 0.065421 0.990268 6.890449 0.000000 0.000000 0.000000 1.000000
19 0.985541 -0.107265 0.131162 -6.784767 0.108471 0.994097 -0.002068 -2.966900 -0.130166 0.016266 0.991359 4.170527 0.000000 0.000000 0.000000 1.000000
17 0.911430 -0.002508 0.411447 -18.447754 0.000871 0.999991 0.004166 1.479890 -0.411454 -0.003438 0.911424 8.654249 0.000000 0.000000 0.000000 1.000000
16 0.957792 -0.287362 0.007603 -7.514380 0.287360 0.957822 0.001421 0.000000 -0.007690 0.000824 0.999970 -0.000000 0.000000 0.000000 0.000000 1.000000
15 0.995433 0.090476 -0.030459 -7.489388 -0.090476 0.995898 0.001381 0.000000 0.030459 0.001381 0.999535 0.000000 0.000000 0.000000 0.000000 1.000000
13 0.904516 -0.310886 0.291892 -17.507765 0.341518 0.938005 -0.059255 -0.477745 -0.255375 0.153284 0.954614 -10.003080 0.000000 0.000000 0.000000 1.000000
12 0.751689 -0.629211 0.197629 -7.044222 0.634087 0.771904 0.045814 0.000000 -0.181377 0.090876 0.979206 -0.000000 0.000000 0.000000 0.000000 1.000000
11 1.000000 -0.000000 0.000000 -7.078903 -0.000000 1.000000 -0.000000 0.000000 0.000000 -0.000000 1.000000 0.000000 0.000000 0.000000 0.000000 1.000000
9 0.962859 -0.253601 0.092675 13.655973 0.184057 0.867617 0.461914 -7.135242 -0.197548 -0.427700 0.882070 0.129696 0.000000 0.000000 0.000000 1.000000
8 0.969347 0.001913 -0.245689 0.000027 -0.143914 0.814897 -0.561455 -35.919125 0.199138 0.579603 0.790193 1.481440 0.000000 0.000000 0.000000 1.000000
7 0.987653 0.155867 0.015734 0.000000 -0.156657 0.983164 0.094057 -34.307396 -0.000809 -0.095361 0.995442 -2.646744 0.000000 0.000000 0.000000 1.000000
6 0.998326 -0.013997 -0.056124 0.000000 0.016281 0.999049 0.040451 -15.193100 0.055504 -0.041297 0.997604 14.911814 0.000000 0.000000 0.000000 1.000000
4 0.930612 0.269982 -0.247125 -13.655973 -0.277280 0.960774 0.005466 -7.135242 0.238907 0.063436 0.968968 0.129696 0.000000 0.000000 0.000000 1.000000
3 0.989959 0.010392 -0.140969 -0.000027 -0.085703 0.837202 -0.540136 -35.919125 0.112407 0.546794 0.829687 1.481440 0.000000 0.000000 0.000000 1.000000
2 0.941545 -0.323967 -0.092408 -0.000000 0.332177 0.847053 0.414923 -34.307396 -0.056147 -0.421364 0.905152 -2.646744 0.000000 0.000000 0.000000 1.000000
1 0.998127 0.061163 -0.001612 -0.000000 -0.061028 0.997121 0.045012 -15.193100 0.004361 -0.044829 0.998985 14.911814 0.000000 0.000000 0.000000 1.000000
time 3
35 0.725816 0.046826 -0.686294 0.468801 0.005874 0.997222 0.074253 84.835342 0.687864 -0.057925 0.723524 -0.472361 0.000000 0.000000 0.000000 1.000000
34 0.996608 0.024186 0.078666 -0.000000 -0.016151 0.994734 -0.101214 10.763858 -0.080699 0.099600 0.991750 1.243517 0.000000 0.000000 0.000000 1.000000
33 0.986493 0.054157 0.154594 -0.018927 -0.022079 0.979114 -0.202110 13.061344 -0.162311 0.195967 0.967084 0.227481 0.000000 0.000000 0.000000 1.000000
32 0.986493 0.054157 0.154594 -0.021630 -0.022079 0.979114 -0.202110 12.988213 -0.162311 0.195967 0.967084 -0.916687 0.000000 0.000000 0.000000 1.000000
31 0.999977 -0.000343 -0.006712 -0.011927 0.000520 0.999651 0.026431 24.670660 0.006701 -0.026434 0.999628 2.028101 0.000000 0.000000 0.000000 1.000000
30 0.999977 -0.000343 -0.006712 -0.000000 0.000520 0.999650 0.026431 8.817325 0.006700 -0.026434 0.999628 6.102616 0.000000 0.000000 0.000000 1.000000
29 0.990419 0.137500 -0.012777 9.553568 -0.137778 0.990166 -0.024255 16.065386 0.009316 0.025783 0.999624 -5.227832 0.000000 0.000000 0.000000 1.000000
28 0.452259 0.891717 0.017418 17.892990 -0.855201 0.428030 0.292270 2.066080 0.253167 -0.147077 0.956177 -0.922929 0.000000 0.000000 0.000000 1.000000
27 0.709088 -0.064714 -0.702144 26.374767 -0.024492 0.992918 -0.116247 -0.000102 0.704694 0.099626 0.702482 -1.459064 0.000000 0.000000 0.000000 1.000000
25 0.971581 -0.167955 0.166799 -9.553568 0.174253 0.984414 -0.023761 16.065386 -0.160209 0.052151 0.985705 -5.227832 0.000000 0.000000 0.000000 1.000000
24 0.471660 -0.794136 -0.383255 -17.811876 0.865791 0.499473 0.030551 2.066080 0.167164 -0.346229 0.923137 -0.922929 0.000000 0.000000 0.000000 1.000000
23 0.779207 -0.102460 0.618335 -26.374767 0.063267 0.994367 0.085042 -0.000102 -0.623565 -0.027145 0.781300 -1.459064 0.000000 0.000000 0.000000 1.000000
22 0.948988 -0.242958 -0.200980 -26.753433 0.178963 0.939812 -0.291078 0.000357 0.259603 0.240261 0.935351 0.000016 0.000000 0.000000 0.000000 1.000000
21 0.995299 -0.078789 0.056322 -2.492348 0.064422 0.972816 0.222438 -4.446348 -0.072317 -0.217764 0.973319 6.163476 0.000000 0.000000 0.000000 1.000000
20 0.992451 -0.011672 -0.122088 -6.602643 0.003344 0.997666 -0.068204 -4.314004 0.122599 0.067281 0.990173 6.890449 0.000000 0.000000 0.000000 1.000000
19 0.985541 -0.107265 0.131162 -6.784767 0.108471 0.994097 -0.002068 -2.966900 -0.130166 0.016266 0.991359 4.170527 0.000000 0.000000 0.000000 1.000000
17 0.911713 0.001054 0.410825 -18.447754 -0.003019 0.999987 0.004137 1.479890 -0.410816 -0.005012 0.911705 8.654249 0.000000 0.000000 0.000000 1.000000
16 0.959112 -0.282947 0.006724 -7.514380 0.282945 0.959135 0.001162 0.000000 -0.006778 0.000789 0.999977 -0.000000 0.000000 0.000000 0.000000 1.000000
15 0.995433 0.090477 -0.030459 -7.489388 -0.090477 0.995898 0.001381 0.000000 0.030459 0.001381 0.999535 -0.000000 0.000000 0.000000 0.000000 1.000000
13 0.906220 -0.306770 0.290959 -17.507765 0.337200 0.939542 -0.059646 -0.477745 -0.255071 0.152163 0.954874 -10.003080 0.000000 0.000000 0.000000 1.000000
12 0.754725 -0.625757 0.197024 -7.044222 0.630577 0.774803 0.045306 0.000000 -0.181006 0.090045 0.979351 -0.000000 0.000000 0.000000 0.000000 1.000000
11 1.000000 0.000000 0.000000 -7.078903 0.000000 1.000000 -0.000000 0.000000 0.000000 0.000000 1.000000 0.000000 0.000000 0.000000 0.000000 1.000000
9 0.963192 -0.252634 0.091849 13.655973 0.183399 0.867403 0.462576 -7.135242 -0.196533 -0.428704 0.881809 0.129696 0.000000 0.000000 0.000000 1.000000
8 0.969922 0.000502 -0.243416 0.000027 -0.141613 0.814515 -0.562593 -35.919125 0.197983 0.580142 0.790087 1.481440 0.000000 0.000000 0.000000 1.000000
7 0.987452 0.157125 0.015814 0.000000 -0.157918 0.982868 0.095034 -34.307396 -0.000611 -0.096339 0.995348 -2.646744 0.000000 0.000000 0.000000 1.000000
6 0.998326 -0.013997 -0.056124 0.000000 0.016281 0.999049 0.040451 -15.193100 0.055505 -0.041297 0.997604 14.911814 0.000000 0.000000 0.000000 1.000000
4 0.930733 0.269810 -0.246859 -13.655973 -0.276544 0.960971 0.007661 -7.135242 0.239291 0.061136 0.969021 0.129696 0.000000 0.000000 0.000000 1.000000
3 0.990028 0.012299 -0.140336 -0.000027 -0.087071 0.836535 -0.540951 -35.919125 0.110743 0.547776 0.829263 1.481440 0.000000 0.000000 0.000000 1.000000
2 0.941297 -0.324614 -0.092663 -0.000000 0.332859 0.846732 0.415030 -34.307396 -0.056264 -0.421510 0.905077 -2.646744 0.000000 0.000000 0.000000 1.000000
1 0.998117 0.061318 -0.001791 -0.000000 -0.061175 0.997109 0.045064 -15.193100 0.004549 -0.044869 0.998983 14.911814 0.000000 0.000000 0.000000 1.000000
time 4
35 0.725433 0.046004 -0.686754 0.471763 0.005874 0.997314 0.073011 84.823738 0.688268 -0.056999 0.723214 -0.465810 0.000000 0.000000 0.000000 1.000000
34 0.996711 0.024029 0.077398 -0.000000 -0.016120 0.994733 -0.101225 10.763858 -0.079423 0.099644 0.991848 1.243517 0.000000 0.000000 0.000000 1.000000
33 0.986902 0.053728 0.152108 -0.018927 -0.022152 0.979110 -0.202123 13.061344 -0.159790 0.196106 0.967476 0.227481 0.000000 0.000000 0.000000 1.000000
32 0.986902 0.053729 0.152108 -0.021630 -0.022152 0.979110 -0.202123 12.988213 -0.159790 0.196106 0.967476 -0.916687 0.000000 0.000000 0.000000 1.000000
31 0.999981 -0.000023 -0.006091 -0.011927 0.000187 0.999638 0.026896 24.670660 0.006088 -0.026896 0.999620 2.028101 0.000000 0.000000 0.000000 1.000000
30 0.999981 -0.000023 -0.006091 -0.000000 0.000186 0.999638 0.026896 8.817325 0.006088 -0.026896 0.999620 6.102616 0.000000 0.000000 0.000000 1.000000
29 0.990538 0.136641 -0.012809 9.553568 -0.136919 0.990287 -0.024197 16.065386 0.009378 0.025722 0.999625 -5.227832 0.000000 0.000000 0.000000 1.000000
28 0.451604 0.892042 0.017763 17.892990 -0.855700 0.427397 0.291735 2.066080 0.252648 -0.146948 0.956334 -0.922929 0.000000 0.000000 0.000000 1.000000
27 0.708131 -0.065064 -0.703077 26.374767 -0.024631 0.992863 -0.116689 -0.000102 0.705652 0.099948 0.701474 -1.459064 0.000000 0.000000 0.000000 1.000000
25 0.971338 -0.168441 0.167723 -9.553568 0.174750 0.984333 -0.023484 16.065386 -0.161139 0.052120 0.985554 -5.227832 0.000000 0.000000 0.000000 1.000000
24 0.473157 -0.793487 -0.382754 -17.811876 0.864946 0.500920 0.030780 2.066080 0.167306 -0.345626 0.923337 -0.922929 0.000000 0.000000 0.000000 1.000000
23 0.780444 -0.102796 0.616717 -26.374767 0.064310 0.994358 0.084359 -0.000102 -0.621910 -0.026176 0.782652 -1.459064 0.000000 0.000000 0.000000 1.000000
22 0.948719 -0.241524 -0.203956 -26.753433 0.176851 0.940284 -0.290842 0.000357 0.262022 0.239857 0.934780 0.000016 0.000000 0.000000 0.000000 1.000000
21 0.995258 -0.080220 0.055017 -2.492348 0.066476 0.973823 0.217371 -4.446348 -0.071014 -0.212683 0.974537 6.163476 0.000000 0.000000 0.000000 1.000000
20 0.992400 -0.012083 -0.122462 -6.602643 0.003686 0.997640 -0.068561 -4.314004 0.123002 0.067588 0.990102 6.890449 0.000000 0.000000 0.000000 1.000000
19 0.985541 -0.107264 0.131162 -6.784767 0.108471 0.994097 -0.002068 -2.966900 -0.130166 0.016266 0.991359 4.170527 0.000000 0.000000 0.000000 1.000000
17 0.912049 0.005296 0.410048 -18.447754 -0.007646 0.999962 0.004089 1.479890 -0.410011 -0.006865 0.912055 8.654249 0.000000 0.000000 0.000000 1.000000
16 0.960484 -0.278274 0.005799 -7.514380 0.278274 0.960501 0.000882 0.000000 -0.005816 0.000767 0.999983 -0.000000 0.000000 0.000000 0.000000 1.000000
15 0.995433 0.090476 -0.030459 -7.489388 -0.090476 0.995898 0.001381 0.000000 0.030459 0.001381 0.999535 0.000000 0.000000 0.000000 0.000000 1.000000
13 0.908152 -0.302039 0.289882 -17.507765 0.332236 0.941280 -0.060088 -0.477745 -0.254712 0.150878 0.955174 -10.003080 0.000000 0.000000 0.000000 1.000000
12 0.757941 -0.622062 0.196378 -7.044222 0.626823 0.777874 0.044769 0.000000 -0.180607 0.089162 0.979506 -0.000000 0.000000 0.000000 0.000000 1.000000
11 1.000000 -0.000000 -0.000000 -7.078903 0.000000 1.000000 0.000000 0.000000 0.000000 -0.000000 1.000000 0.000000 0.000000 0.000000 0.000000 1.000000
9 0.963585 -0.251570 0.090645 13.655973 0.182682 0.866865 0.463866 -7.135242 -0.195272 -0.430415 0.881256 0.129696 0.000000 0.000000 0.000000 1.000000
8 0.970453 -0.001175 -0.241286 0.000027 -0.139278 0.813847 -0.564141 -35.919125 0.197033 0.581078 0.789637 1.481440 0.000000 0.000000 0.000000 1.000000
7 0.987259 0.158335 0.015774 0.000000 -0.159118 0.982566 0.096149 -34.307396 -0.000275 -0.097434 0.995242 -2.646744 0.000000 0.000000 0.000000 1.000000
6 0.998326 -0.013997 -0.056124 0.000000 0.016281 0.999049 0.040451 -15.193100 0.055504 -0.041297 0.997604 14.911814 0.000000 0.000000 0.000000 1.000000
4 0.931023 0.269259 -0.246365 -13.655973 -0.275457 0.961265 0.009629 -7.135242 0.239415 0.058898 0.969129 0.129696 0.000000 0.000000 0.000000 1.000000
3 0.989962 0.014103 -0.140626 -0.000027 -0.088851 0.835889 -0.541659 -35.919125 0.109909 0.548717 0.828752 1.481440 0.000000 0.000000 0.000000 1.000000
2 0.940930 -0.325596 -0.092943 -0.000000 0.333848 0.846252 0.415215 -34.307396 -0.056539 -0.421717 0.904963 -2.646744 0.000000 0.000000 0.000000 1.000000
1 0.998111 0.061409 -0.001987 -0.000000 -0.061257 0.997104 0.045059 -15.193100 0.004748 -0.044852 0.998982 14.911814 0.000000 0.000000 0.000000 1.000000
time 5
35 0.725409 0.045012 -0.686844 0.469213 0.006122 0.997398 0.071829 84.818962 0.688291 -0.056311 0.723246 -0.462683 0.000000 0.000000 0.000000 1.000000
34 0.996834 0.023976 0.075810 -0.000000 -0.016219 0.994721 -0.101329 10.763858 -0.077839 0.099779 0.991960 1.243517 0.000000 0.000000 0.000000 1.000000
33 0.987394 0.053487 0.148972 -0.018927 -0.022510 0.979059 -0.202327 13.061344 -0.156674 0.196424 0.967921 0.227481 0.000000 0.000000 0.000000 1.000000
32 0.987394 0.053487 0.148972 -0.021630 -0.022510 0.979059 -0.202327 12.988213 -0.156674 0.196424 0.967921 -0.916687 0.000000 0.000000 0.000000 1.000000
31 0.999985 0.000329 -0.005548 -0.011927 -0.000176 0.999620 0.027552 24.670660 0.005555 -0.027551 0.999605 2.028101 0.000000 0.000000 0.000000 1.000000
30 0.999985 0.000329 -0.005548 -0.000000 -0.000176 0.999620 0.027553 8.817325 0.005555 -0.027551 0.999605 6.102616 0.000000 0.000000 0.000000 1.000000
29 0.990637 0.135901 -0.012977 9.553568 -0.136183 0.990390 -0.024129 16.065386 0.009573 0.025671 0.999625 -5.227832 0.000000 0.000000 0.000000 1.000000
28 0.451122 0.892273 0.018376 17.892990 -0.856161 0.426868 0.291156 2.066080 0.251946 -0.147080 0.956499 -0.922929 0.000000 0.000000 0.000000 1.000000
27 0.706839 -0.064948 -0.704386 26.374767 -0.024540 0.992925 -0.116178 -0.000102 0.706948 0.099405 0.700245 -1.459064 0.000000 0.000000 0.000000 1.000000
25 0.971102 -0.168713 0.168808 -9.553568 0.175061 0.984281 -0.023349 16.065386 -0.162215 0.052226 0.985372 -5.227832 0.000000 0.000000 0.000000 1.000000
24 0.474235 -0.793284 -0.381840 -17.811876 0.864559 0.501522 0.031831 2.066080 0.166250 -0.345219 0.923680 -0.922929 0.000000 0.000000 0.000000 1.000000
23 0.782630 -0.102877 0.613927 -26.374767 0.064674 0.994350 0.084179 -0.000102 -0.619118 -0.026176 0.784862 -1.459064 0.000000 0.000000 0.000000 1.000000
22 0.948658 -0.239522 -0.206583 -26.753433 0.174193 0.940775 -0.290860 0.000357 0.264016 0.239942 0.934197 0.000016 0.000000 0.000000 0.000000 1.000000
21 0.995277 -0.081264 0.053095 -2.492348 0.068155 0.974477 0.213893 -4.446348 -0.069122 -0.209264 0.975413 6.163476 0.000000 0.000000 0.000000 1.000000
20 0.992436 -0.012863 -0.122086 -6.602643 0.004394 0.997580 -0.069388 -4.314004 0.122683 0.068327 0.990091 6.890449 0.000000 0.000000 0.000000 1.000000
19 0.985541 -0.107265 0.131162 -6.784767 0.108471 0.994097 -0.002068 -2.966900 -0.130166 0.016266 0.991359 4.170527 0.000000 0.000000 0.000000 1.000000
17 0.912533 0.009744 0.408888 -18.447754 -0.012473 0.999914 0.004008 1.479890 -0.408813 -0.008757 0.912576 8.654249 0.000000 0.000000 0.000000 1.000000
16 0.961861 -0.273495 0.004853 -7.514380 0.273495 0.961873 0.000591 0.000000 -0.004830 0.000758 0.999988 -0.000000 0.000000 0.000000 0.000000 1.000000
15 0.995433 0.090476 -0.030459 -7.489388 -0.090476 0.995898 0.001381 0.000000 0.030459 0.001381 0.999535 0.000000 0.000000 0.000000 0.000000 1.000000
13 0.910008 -0.297271 0.288991 -17.507765 0.327258 0.942996 -0.060494 -0.477745 -0.254534 0.149625 0.955419 -10.003080 0.000000 0.000000 0.000000 1.000000
12 0.761230 -0.618246 0.195708 -7.044222 0.622946 0.781014 0.044218 0.000000 -0.180189 0.088255 0.979665 -0.000000 0.000000 0.000000 0.000000 1.000000
11 1.000000 0.000000 -0.000000 -7.078903 -0.000000 1.000000 -0.000000 0.000000 0.000000 0.000000 1.000000 0.000000 0.000000 0.000000 0.000000 1.000000
9 0.963894 -0.250576 0.090107 13.655973 0.181802 0.866510 0.464874 -7.135242 -0.194565 -0.431708 0.880780 0.129696 0.000000 0.000000 0.000000 1.000000
8 0.970739 -0.002284 -0.240126 0.000027 -0.137763 0.813743 -0.564663 -35.919125 0.196691 0.581221 0.789617 1.481440 0.000000 0.000000 0.000000 1.000000
7 0.987162 0.158952 0.015686 0.000000 -0.159724 0.982421 0.096631 -34.307396 -0.000050 -0.097896 0.995197 -2.646744 0.000000 0.000000 0.000000 1.000000
6 0.998320 -0.014067 -0.056214 0.000000 0.016354 0.999048 0.040442 -15.193100 0.055592 -0.041293 0.997599 14.911814 0.000000 0.000000 0.000000 1.000000
4 0.931276 0.268730 -0.245987 -13.655973 -0.274512 0.961519 0.011152 -7.135242 0.239518 0.057141 0.969209 0.129696 0.000000 0.000000 0.000000 1.000000
3 0.989817 0.015875 -0.141460 -0.000027 -0.090856 0.835466 -0.541979 -35.919125 0.109581 0.549312 0.828401 1.481440 0.000000 0.000000 0.000000 1.000000
2 0.940499 -0.326746 -0.093264 -0.000000 0.335012 0.845759 0.415282 -34.307396 -0.056813 -0.421817 0.904899 -2.646744 0.000000 0.000000 0.000000 1.000000
1 0.998101 0.061554 -0.002205 -0.000000 -0.061393 0.997096 0.045058 -15.193100 0.004972 -0.044837 0.998982 14.911814 0.000000 0.000000 0.000000 1.000000
time 6
35 0.725459 0.043745 -0.686874 0.470353 0.006406 0.997506 0.070293 84.819412 0.688235 -0.055395 0.723370 -0.461500 0.000000 0.000000 0.000000 1.000000
34 0.996965 0.023907 0.074091 -0.000000 -0.016314 0.994707 -0.101445 10.763858 -0.076124 0.099929 0.992078 1.243517 0.000000 0.000000 0.000000 1.000000
33 0.987915 0.053205 0.145580 -0.018927 -0.022877 0.979004 -0.202555 13.061344 -0.153300 0.196776 0.968389 0.227481 0.000000 0.000000 0.000000 1.000000
32 0.987915 0.053205 0.145580 -0.021630 -0.022877 0.979004 -0.202555 12.988213 -0.153300 0.196776 0.968389 -0.916687 0.000000 0.000000 0.000000 1.000000
31 0.999991 0.000534 -0.004285 -0.011927 -0.000412 0.999597 0.028373 24.670660 0.004299 -0.028371 0.999588 2.028101 0.000000 0.000000 0.000000 1.000000
30 0.999991 0.000534 -0.004285 -0.000000 -0.000412 0.999597 0.028373 8.817325 0.004299 -0.028371 0.999588 6.102616 0.000000 0.000000 0.000000 1.000000
29 0.990694 0.135466 -0.013182 9.553568 -0.135753 0.990450 -0.024087 16.065386 0.009793 0.025652 0.999623 -5.227832 0.000000 0.000000 0.000000 1.000000
28 0.450800 0.892425 0.018881 17.892990 -0.856571 0.426544 0.290425 2.066080 0.251129 -0.147096 0.956711 -0.922929 0.000000 0.000000 0.000000 1.000000
27 0.705766 -0.065423 -0.705417 26.374767 -0.024856 0.992827 -0.116946 -0.000102 0.708008 0.100070 0.699078 -1.459064 0.000000 0.000000 0.000000 1.000000
25 0.970836 -0.168531 0.170514 -9.553568 0.174934 0.984308 -0.023140 16.065386 -0.163938 0.052294 0.985084 -5.227832 0.000000 0.000000 0.000000 1.000000
24 0.474994 -0.793065 -0.381351 -17.811876 0.864338 0.501829 0.032968 2.066080 0.165227 -0.345276 0.923842 -0.922929 0.000000 0.000000 0.000000 1.000000
23 0.784892 -0.103070 0.611000 -26.374767 0.064880 0.994318 0.084388 -0.000102 -0.616227 -0.026594 0.787119 -1.459064 0.000000 0.000000 0.000000 1.000000
22 0.948133 -0.238446 -0.210206 -26.753433 0.171971 0.940934 -0.291667 0.000357 0.267337 0.240390 0.933137 0.000016 0.000000 0.000000 0.000000 1.000000
21 0.995108 -0.083443 0.052884 -2.492348 0.070725 0.975491 0.208364 -4.446348 -0.068974 -0.203605 0.976620 6.163476 0.000000 0.000000 0.000000 1.000000
20 0.992321 -0.013331 -0.122968 -6.602643 0.004818 0.997586 -0.069270 -4.314004 0.123595 0.068146 0.989990 6.890449 0.000000 0.000000 0.000000 1.000000
19 0.985541 -0.107265 0.131162 -6.784767 0.108471 0.994097 -0.002068 -2.966900 -0.130166 0.016265 0.991359 4.170527 0.000000 0.000000 0.000000 1.000000
17 0.912853 0.013220 0.408074 -18.447754 -0.016249 0.999860 0.003959 1.479890 -0.407964 -0.010245 0.912940 8.654249 0.000000 0.000000 0.000000 1.000000
16 0.963205 -0.268739 0.003918 -7.514380 0.268740 0.963213 0.000303 0.000000 -0.003855 0.000761 0.999992 -0.000000 0.000000 0.000000 0.000000 1.000000
15 0.995433 0.090476 -0.030459 -7.489388 -0.090476 0.995898 0.001381 0.000000 0.030459 0.001381 0.999535 -0.000000 0.000000 0.000000 0.000000 1.000000
13 0.911557 -0.292993 0.288477 -17.507765 0.322825 0.944504 -0.060801 -0.477745 -0.254654 0.148551 0.955554 -10.003080 0.000000 0.000000 0.000000 1.000000
12 0.764504 -0.614405 0.195038 -7.044222 0.619044 0.784141 0.043672 0.000000 -0.179770 0.087349 0.979823 -0.000000 0.000000 0.000000 0.000000 1.000000
11 1.000000 -0.000000 -0.000000 -7.078903 0.000000 1.000000 0.000000 0.000000 -0.000000 0.000000 1.000000 0.000000 0.000000 0.000000 0.000000 1.000000
9 0.964043 -0.249964 0.090222 13.655973 0.180908 0.865984 0.466202 -7.135242 -0.194664 -0.433117 0.880066 0.129696 0.000000 0.000000 0.000000 1.000000
8 0.970825 -0.002733 -0.239774 0.000027 -0.137145 0.813914 -0.564567 -35.919125 0.196698 0.580979 0.789793 1.481440 0.000000 0.000000 0.000000 1.000000
7 0.987165 0.158949 0.015496 0.000000 -0.159703 0.982417 0.096705 -34.307396 0.000147 -0.097939 0.995192 -2.646744 0.000000 0.000000 0.000000 1.000000
6 0.998306 -0.014238 -0.056408 0.000000 0.016532 0.999046 0.040420 -15.193100 0.055779 -0.041284 0.997589 14.911814 0.000000 0.000000 0.000000 1.000000
4 0.931577 0.268076 -0.245560 -13.655973 -0.273362 0.961824 0.012965 -7.135242 0.239661 0.055049 0.969295 0.129696 0.000000 0.000000 0.000000 1.000000
3 0.989654 0.017836 -0.142362 -0.000027 -0.093028 0.835172 -0.542064 -35.919125 0.109229 0.549700 0.828190 1.481440 0.000000 0.000000 0.000000 1.000000
2 0.940121 -0.327738 -0.093598 -0.000000 0.336052 0.845410 0.415152 -34.307396 -0.056932 -0.421747 0.904925 -2.646744 0.000000 0.000000 0.000000 1.000000
1 0.998106 0.061478 -0.002360 -0.000000 -0.061310 0.997101 0.045063 -15.193100 0.005123 -0.044833 0.998981 14.911814 0.000000 0.000000 0.000000 1.000000
time 7
35 0.725854 0.042194 -0.686554 0.468502 0.007012 0.997611 0.068724 84.833557 0.687813 -0.054698 0.723824 -0.461281 0.000000 0.000000 0.000000 1.000000
34 0.997103 0.023922 0.072204 -0.000000 -0.016510 0.994692 -0.101560 10.763858 -0.074250 0.100074 0.992206 1.243517 0.000000 0.000000 0.000000 1.000000
33 0.988465 0.053077 0.141846 -0.018927 -0.023466 0.978942 -0.202784 13.061344 -0.149622 0.197117 0.968895 0.227481 0.000000 0.000000 0.000000 1.000000
32 0.988465 0.053077 0.141846 -0.021630 -0.023466 0.978942 -0.202784 12.988213 -0.149622 0.197116 0.968895 -0.916687 0.000000 0.000000 0.000000 1.000000
31 0.999998 0.000755 -0.001918 -0.011927 -0.000698 0.999562 0.029592 24.670660 0.001940 -0.029590 0.999560 2.028101 0.000000 0.000000 0.000000 1.000000
30 0.999998 0.000755 -0.001918 -0.000000 -0.000697 0.999562 0.029592 8.817325 0.001940 -0.029590 0.999560 6.102616 0.000000 0.000000 0.000000 1.000000
29 0.990864 0.134174 -0.013604 9.553568 -0.134471 0.990629 -0.023913 16.065386 0.010268 0.025524 0.999621 -5.227832 0.000000 0.000000 0.000000 1.000000
28 0.449494 0.893065 0.019730 17.892990 -0.857461 0.425172 0.289810 2.066080 0.250431 -0.147185 0.956881 -0.922929 0.000000 0.000000 0.000000 1.000000
27 0.705858 -0.064782 -0.705385 26.374767 -0.024950 0.992918 -0.116156 -0.000102 0.707914 0.099589 0.699242 -1.459064 0.000000 0.000000 0.000000 1.000000
25 0.970661 -0.168323 0.171708 -9.553568 0.174748 0.984347 -0.022905 16.065386 -0.165165 0.052239 0.984882 -5.227832 0.000000 0.000000 0.000000 1.000000
24 0.475970 -0.793315 -0.379612 -17.811876 0.864297 0.501755 0.035112 2.066080 0.162617 -0.344809 0.924479 -0.922929 0.000000 0.000000 0.000000 1.000000
23 0.787530 -0.102768 0.607647 -26.374767 0.064664 0.994335 0.084361 -0.000102 -0.612874 -0.027144 0.789714 -1.459064 0.000000 0.000000 0.000000 1.000000
22 0.947380 -0.238172 -0.213883 -26.753433 0.170500 0.940925 -0.292558 0.000357 0.270927 0.240696 0.932021 0.000016 0.000000 0.000000 0.000000 1.000000
21 0.995113 -0.084700 0.050746 -2.492348 0.072702 0.976295 0.203867 -4.446348 -0.066811 -0.199181 0.977683 6.163476 0.000000 0.000000 0.000000 1.000000
20 0.992406 -0.013520 -0.122259 -6.602643 0.005007 0.997558 -0.069667 -4.314004 0.122902 0.068525 0.990050 6.890449 0.000000 0.000000 0.000000 1.000000
19 0.985541 -0.107264 0.131162 -6.784767 0.108471 0.994097 -0.002068 -2.966900 -0.130166 0.016266 0.991359 4.170527 0.000000 0.000000 0.000000 1.000000
17 0.913105 0.018322 0.407313 -18.447754 -0.021815 0.999754 0.003934 1.479890 -0.407141 -0.012477 0.913280 8.654249 0.000000 0.000000 0.000000 1.000000
16 0.964474 -0.264160 0.003012 -7.514380 0.264161 0.964478 0.000014 0.000000 -0.002909 0.000782 0.999995 -0.000000 0.000000 0.000000 0.000000 1.000000
15 0.995433 0.090477 -0.030459 -7.489388 -0.090477 0.995898 0.001381 0.000000 0.030459 0.001381 0.999535 0.000000 0.000000 0.000000 0.000000 1.000000
13 0.913323 -0.288618 0.287298 -17.507765 0.318216 0.946039 -0.061224 -0.477745 -0.254125 0.147340 0.955882 -10.003080 0.000000 0.000000 0.000000 1.000000
12 0.767652 -0.610677 0.194379 -7.044222 0.615259 0.787144 0.043142 0.000000 -0.179350 0.086475 0.979977 -0.000000 0.000000 0.000000 0.000000 1.000000
11 1.000000 -0.000000 0.000000 -7.078903 0.000000 1.000000 0.000000 0.000000 0.000000 -0.000000 1.000000 0.000000 0.000000 0.000000 0.000000 1.000000
9 0.964465 -0.248397 0.090038 13.655973 0.179431 0.865920 0.466890 -7.135242 -0.193940 -0.434144 0.879720 0.129696 0.000000 0.000000 0.000000 1.000000
8 0.971053 -0.003665 -0.238835 0.000027 -0.135522 0.814915 -0.563513 -35.919125 0.196696 0.579568 0.790830 1.481440 0.000000 0.000000 0.000000 1.000000
7 0.987095 0.159399 0.015316 0.000000 -0.160133 0.982398 0.096182 -34.307396 0.000285 -0.097394 0.995246 -2.646744 0.000000 0.000000 0.000000 1.000000
6 0.998297 -0.014372 -0.056539 0.000000 0.016671 0.999044 0.040404 -15.193100 0.055904 -0.041278 0.997583 14.911814 0.000000 0.000000 0.000000 1.000000
4 0.931764 0.267713 -0.245248 -13.655973 -0.272647 0.962008 0.014269 -7.135242 0.239750 0.053570 0.969355 0.129696 0.000000 0.000000 0.000000 1.000000
3 0.989417 0.019537 -0.143780 -0.000027 -0.095170 0.835358 -0.541405 -35.919125 0.109531 0.549359 0.828377 1.481440 0.000000 0.000000 0.000000 1.000000
2 0.939525 -0.329403 -0.093733 -0.000000 0.337646 0.845078 0.414535 -34.307396 -0.057338 -0.421114 0.905193 -2.646744 0.000000 0.000000 0.000000 1.000000
1 0.998072 0.062008 -0.002711 -0.000000 -0.061822 0.997060 0.045265 -15.193100 0.005509 -0.045010 0.998971 14.911814 0.000000 0.000000 0.000000 1.000000
time 8
35 0.725885 0.040083 -0.686648 0.472752 0.007627 0.997770 0.066307 84.834442 0.687774 -0.053368 0.723960 -0.448763 0.000000 0.000000 0.000000 1.000000
34 0.997226 0.023981 0.070459 -0.000000 -0.016760 0.994709 -0.101355 10.763858 -0.072517 0.099893 0.992352 1.243517 0.000000 0.000000 0.000000 1.000000
33 0.988956 0.053034 0.138395 -0.018927 -0.024178 0.979007 -0.202388 13.061344 -0.146223 0.196807 0.969477 0.227481 0.000000 0.000000 0.000000 1.000000
32 0.988956 0.053034 0.138395 -0.021630 -0.024178 0.979007 -0.202389 12.988213 -0.146223 0.196807 0.969477 -0.916687 0.000000 0.000000 0.000000 1.000000
31 0.999998 0.001463 0.001114 -0.011927 -0.001498 0.999493 0.031791 24.670660 -0.001066 -0.031792 0.999494 2.028101 0.000000 0.000000 0.000000 1.000000
30 0.999998 0.001463 0.001113 -0.000000 -0.001498 0.999493 0.031791 8.817325 -0.001066 -0.031792 0.999494 6.102616 0.000000 0.000000 0.000000 1.000000
29 0.991061 0.132731 -0.013446 9.553568 -0.133022 0.990827 -0.023825 16.065386 0.010160 0.025400 0.999626 -5.227832 0.000000 0.000000 0.000000 1.000000
28 0.447713 0.893929 0.021079 17.892990 -0.858810 0.423321 0.288523 2.066080 0.248996 -0.147278 0.957241 -0.922929 0.000000 0.000000 0.000000 1.000000
27 0.706006 -0.065595 -0.705162 26.374767 -0.025486 0.992703 -0.117860 -0.000102 0.707747 0.101181 0.699183 -1.459064 0.000000 0.000000 0.000000 1.000000
25 0.970211 -0.168424 0.174141 -9.553568 0.174910 0.984328 -0.022486 16.065386 -0.167624 0.052275 0.984464 -5.227832 0.000000 0.000000 0.000000 1.000000
24 0.476597 -0.793265 -0.378927 -17.811876 0.864007 0.502241 0.035293 2.066080 0.162317 -0.344216 0.924753 -0.922929 0.000000 0.000000 0.000000 1.000000
23 0.788860 -0.102422 0.605978 -26.374767 0.064327 0.994360 0.084326 -0.000102 -0.611197 -0.027541 0.790999 -1.459064 0.000000 0.000000 0.000000 1.000000
22 0.947412 -0.236646 -0.215425 -26.753433 0.168840 0.941491 -0.291700 0.000357 0.271851 0.239987 0.931935 0.000016 0.000000 0.000000 0.000000 1.000000
21 0.994781 -0.087547 0.052399 -2.492348 0.076040 0.978568 0.191371 -4.446348 -0.068030 -0.186388 0.980118 6.163476 0.000000 0.000000 0.000000 1.000000
20 0.992386 -0.010443 -0.122726 -6.602643 0.002195 0.997740 -0.067156 -4.314004 0.123150 0.066375 0.990166 6.890449 0.000000 0.000000 0.000000 1.000000
