keyframes
0.000000
0.033333
0.066667
0.100000
0.133333
0.166667
0.200000
0.233333
0.266667
0.300000
0.333333
0.366667
0.400000
0.433333
0.466667
0.500000
0.533333
0.566667
0.600000
0.633333
0.666667
0.700000
time 0
40 0.980427 0.180910 -0.077682 1.449066 -0.191405 0.968246 -0.160825 86.021339 0.046121 0.172546 0.983921 -0.776357 0.000000 0.000000 0.000000 1.000000
39 0.989728 -0.127662 0.064352 0.000000 0.130131 0.990852 -0.035753 14.652452 -0.059199 0.043760 0.997287 0.432472 0.000000 0.000000 0.000000 1.000000
38 0.999644 -0.024710 -0.010071 0.000000 0.023015 0.989425 -0.143207 10.372511 0.013503 0.142924 0.989642 0.047685 0.000000 0.000000 0.000000 1.000000
37 0.994735 -0.101675 -0.012828 -0.000000 0.100097 0.990797 -0.091114 10.084998 0.021973 0.089350 0.995758 0.302715 0.000000 0.000000 0.000000 1.000000
36 0.997365 0.068509 0.023869 0.000000 -0.071694 0.981079 0.179845 31.685007 -0.011097 -0.181082 0.983405 0.246449 0.000000 0.000000 0.000000 1.000000
35 0.997838 -0.031672 0.057589 -0.000000 0.009211 0.934967 0.354614 11.408890 -0.065075 -0.353317 0.933237 1.920896 0.000000 0.000000 0.000000 1.000000
33 0.953442 0.248256 -0.171222 10.912857 -0.246608 0.968614 0.031171 26.732725 0.173586 0.012505 0.984739 -2.705630 0.000000 0.000000 0.000000 1.000000
32 0.407718 0.886315 0.219571 13.894908 -0.795379 0.462837 -0.391348 -9.016914 -0.448483 -0.015082 0.893664 1.215675 0.000000 0.000000 0.000000 1.000000
31 0.209210 0.007136 -0.977845 32.246170 -0.007541 0.999955 0.005684 -0.183667 0.977842 0.006185 0.209255 -2.285661 0.000000 0.000000 0.000000 1.000000
30 0.980679 0.109735 -0.161947 28.013548 -0.142560 0.967790 -0.207507 0.183364 0.133960 0.226585 0.964735 0.670486 0.000000 0.000000 0.000000 1.000000
29 0.070330 0.978188 0.195453 18.109711 -0.990680 0.091406 -0.100985 -0.000038 -0.116648 -0.186529 0.975500 0.000050 0.000000 0.000000 0.000000 1.000000
28 0.392948 0.912593 0.112987 4.183721 -0.912229 0.402346 -0.077176 -0.000026 -0.115890 -0.072744 0.990595 -0.000005 0.000000 0.000000 0.000000 1.000000
27 0.552554 0.830977 0.064511 3.830242 -0.830505 0.555463 -0.041507 -0.098050 -0.070325 -0.030641 0.997053 0.058395 0.000000 0.000000 0.000000 1.000000
25 0.984192 -0.175838 -0.021136 6.273973 0.166924 0.960869 -0.221058 -3.207020 0.059179 0.214036 0.975032 3.859405 0.000000 0.000000 0.000000 1.000000
24 0.947697 -0.097515 0.303911 5.060122 0.123220 0.990146 -0.066536 -2.921443 -0.294428 0.100504 0.950374 2.921605 0.000000 0.000000 0.000000 1.000000
23 0.990125 0.065245 -0.124078 5.809099 -0.060723 0.997357 0.039891 -3.353832 0.126353 -0.031962 0.991470 3.353911 0.000000 0.000000 0.000000 1.000000
21 0.965108 -0.165093 0.203249 -10.912857 0.148610 0.984422 0.093955 26.732725 -0.215594 -0.060471 0.974609 -2.705630 0.000000 0.000000 0.000000 1.000000
20 0.679303 -0.562514 0.471302 -13.894908 0.635097 0.772405 0.006506 -9.016914 -0.367696 0.294903 0.881948 1.215675 0.000000 0.000000 0.000000 1.000000
19 0.211363 -0.006858 0.977384 -32.219643 0.007364 0.999958 0.005424 -0.171897 -0.977380 0.006051 0.211405 -2.634137 0.000000 0.000000 0.000000 1.000000
18 0.893462 0.335515 0.298588 -28.019154 -0.383952 0.915499 0.120174 0.180876 -0.233037 -0.222015 0.946786 0.369207 0.000000 0.000000 0.000000 1.000000
17 0.477383 -0.867666 -0.138786 -18.104378 0.871561 0.487650 -0.050788 0.000443 0.111746 -0.096715 0.989019 -0.195428 0.000000 0.000000 0.000000 1.000000
16 0.514274 -0.850663 -0.109067 -4.916212 0.852236 0.521128 -0.046041 0.000190 0.096003 -0.069273 0.992968 -0.053088 0.000000 0.000000 0.000000 1.000000
15 0.655519 -0.752796 -0.059934 -4.301387 0.753716 0.657123 -0.010089 -0.000004 0.046979 -0.038560 0.998151 -0.013916 0.000000 0.000000 0.000000 1.000000
13 0.933746 0.229820 -0.274411 -6.344480 -0.261878 0.961258 -0.086043 -3.303541 0.244006 0.152204 0.957755 3.657446 0.000000 0.000000 0.000000 1.000000
12 0.934337 0.105319 -0.340474 -4.317011 -0.112082 0.993699 -0.000195 -3.095828 0.338308 0.038343 0.940254 3.801934 0.000000 0.000000 0.000000 1.000000
11 0.987164 -0.145755 0.065295 -4.968810 0.134188 0.978629 0.155817 -4.080473 -0.086611 -0.145055 0.985626 3.860468 0.000000 0.000000 0.000000 1.000000
9 0.978008 -0.099317 -0.183403 13.025906 0.194212 0.113057 0.974423 -7.138231 -0.076042 -0.988612 0.129859 0.858406 0.000000 0.000000 0.000000 1.000000
8 0.999986 -0.005185 0.001344 0.124313 -0.002190 -0.624732 -0.780836 -35.765831 0.004888 0.780822 -0.624734 3.144568 0.000000 0.000000 0.000000 1.000000
7 0.999179 0.040163 -0.005226 -0.111785 -0.034416 0.773937 -0.632326 -40.173641 -0.021352 0.631987 0.774685 -5.709243 0.000000 0.000000 0.000000 1.000000
6 1.000000 -0.000000 -0.000000 1.284375 0.000000 0.999999 -0.001659 -16.831020 0.000000 0.001659 0.999999 16.756786 0.000000 0.000000 0.000000 1.000000
4 0.935898 -0.320705 -0.145747 -13.025906 0.352263 0.849326 0.393138 -7.138231 -0.002295 -0.419278 0.907855 0.858406 0.000000 0.000000 0.000000 1.000000
3 0.995229 0.096758 0.012504 -0.124313 -0.056679 0.677733 -0.733120 -35.765831 -0.079410 0.728914 0.679984 3.144568 0.000000 0.000000 0.000000 1.000000
2 0.995746 0.086776 0.030982 0.111785 -0.090284 0.851718 0.516165 -40.173641 0.018402 -0.516766 0.855929 -5.709243 0.000000 0.000000 0.000000 1.000000
1 1.000000 0.000000 0.000000 -1.284375 -0.000000 0.998515 0.054473 -16.831020 -0.000000 -0.054473 0.998515 16.756786 0.000000 0.000000 0.000000 1.000000
time 1
40 0.983827 0.136398 -0.116107 1.328470 -0.157858 0.966552 -0.202134 88.297272 0.084653 0.217193 0.972451 0.265587 0.000000 0.000000 0.000000 1.000000
39 0.991703 -0.099184 0.081775 0.000000 0.100488 0.994866 -0.011977 14.652452 -0.080167 0.020095 0.996579 0.432472 0.000000 0.000000 0.000000 1.000000
38 0.999589 0.010974 0.026487 0.000000 -0.007919 0.993584 -0.112819 10.372511 -0.027555 0.112563 0.993262 0.047685 0.000000 0.000000 0.000000 1.000000
37 0.997275 -0.069491 0.024788 -0.000000 0.070844 0.995758 -0.058704 10.084998 -0.020604 0.060301 0.997968 0.302715 0.000000 0.000000 0.000000 1.000000
36 0.998514 0.054305 0.004513 0.000000 -0.054492 0.994737 0.086770 31.685007 0.000222 -0.086887 0.996218 0.246449 0.000000 0.000000 0.000000 1.000000
35 0.999557 -0.029335 0.005041 -0.000000 0.024522 0.907591 0.419139 11.408890 -0.016871 -0.418830 0.907908 1.920896 0.000000 0.000000 0.000000 1.000000
33 0.973841 0.197446 -0.112470 10.912857 -0.194896 0.980257 0.033342 26.732725 0.116833 -0.010550 0.993096 -2.705630 0.000000 0.000000 0.000000 1.000000
32 0.449565 0.879092 0.158394 13.894908 -0.745493 0.466938 -0.475613 -9.016914 -0.492068 0.095737 0.865276 1.215675 0.000000 0.000000 0.000000 1.000000
31 0.263196 0.007489 -0.964713 32.246170 -0.007851 0.999953 0.005620 -0.183667 0.964710 0.006094 0.263242 -2.285661 0.000000 0.000000 0.000000 1.000000
30 0.986605 0.081159 -0.141504 28.013548 -0.087880 0.995250 -0.041898 0.183364 0.137432 0.053772 0.989051 0.670486 0.000000 0.000000 0.000000 1.000000
29 0.279183 0.941452 0.189012 18.109711 -0.952178 0.296874 -0.072274 -0.000038 -0.124155 -0.159795 0.979312 0.000050 0.000000 0.000000 0.000000 1.000000
28 0.511640 0.852257 0.109010 4.183721 -0.851947 0.519672 -0.064251 -0.000026 -0.111408 -0.059998 0.991962 -0.000005 0.000000 0.000000 0.000000 1.000000
27 0.658381 0.750602 0.055957 3.830242 -0.750262 0.660406 -0.031147 -0.098050 -0.060333 -0.021476 0.997947 0.058395 0.000000 0.000000 0.000000 1.000000
25 0.984192 -0.175838 -0.021136 6.273973 0.166924 0.960869 -0.221058 -3.207020 0.059179 0.214036 0.975032 3.859405 0.000000 0.000000 0.000000 1.000000
24 0.955874 -0.175186 0.235828 5.060122 0.190134 0.980858 -0.042029 -2.921443 -0.223951 0.085014 0.970886 2.921605 0.000000 0.000000 0.000000 1.000000
23 0.981915 0.035867 -0.185896 5.809099 -0.036233 0.999342 0.001430 -3.353832 0.185825 0.005332 0.982568 3.353911 0.000000 0.000000 0.000000 1.000000
21 0.948283 -0.143504 0.283137 -10.912857 0.119627 0.987772 0.099983 26.732725 -0.294022 -0.060942 0.953854 -2.705630 0.000000 0.000000 0.000000 1.000000
20 0.582785 -0.605672 0.541778 -13.894908 0.594146 0.772422 0.224401 -9.016914 -0.554394 0.191118 0.810013 1.215675 0.000000 0.000000 0.000000 1.000000
19 0.382513 -0.007954 0.923916 -32.219643 0.008287 0.999952 0.005178 -0.171897 -0.923913 0.005676 0.382561 -2.634137 0.000000 0.000000 0.000000 1.000000
18 0.910629 0.328067 0.251249 -28.019154 -0.367283 0.921216 0.128313 0.180876 -0.189360 -0.209125 0.959380 0.369207 0.000000 0.000000 0.000000 1.000000
17 0.450693 -0.884910 -0.117519 -18.104378 0.887971 0.457917 -0.042654 0.000443 0.091559 -0.085129 0.992154 -0.195428 0.000000 0.000000 0.000000 1.000000
16 0.520318 -0.847029 -0.108679 -4.916212 0.848584 0.527105 -0.045448 0.000190 0.095781 -0.068576 0.993037 -0.053088 0.000000 0.000000 0.000000 1.000000
15 0.660834 -0.748186 -0.059293 -4.301387 0.749088 0.662399 -0.009693 -0.000004 0.046528 -0.038011 0.998194 -0.013916 0.000000 0.000000 0.000000 1.000000
13 0.944461 0.223141 -0.241249 -6.344480 -0.247656 0.965847 -0.076194 -3.303541 0.216008 0.131709 0.967468 3.657446 0.000000 0.000000 0.000000 1.000000
12 0.934337 0.105319 -0.340474 -4.317011 -0.112082 0.993699 -0.000195 -3.095828 0.338308 0.038343 0.940254 3.801934 0.000000 0.000000 0.000000 1.000000
11 0.987164 -0.145754 0.065295 -4.968810 0.134188 0.978629 0.155816 -4.080473 -0.086611 -0.145055 0.985626 3.860468 0.000000 0.000000 0.000000 1.000000
9 0.983971 -0.106151 -0.143293 13.025906 0.143610 -0.004696 0.989623 -7.138231 -0.105722 -0.994339 0.010623 0.858406 0.000000 0.000000 0.000000 1.000000
8 0.996436 -0.004760 -0.084221 0.124313 -0.075483 -0.496034 -0.865016 -35.765831 -0.037659 0.868290 -0.494626 3.144568 0.000000 0.000000 0.000000 1.000000
7 0.998198 0.059998 0.000852 -0.111785 -0.050921 0.854512 -0.516930 -40.173641 -0.031743 0.515956 0.856027 -5.709243 0.000000 0.000000 0.000000 1.000000
6 1.000000 -0.000000 -0.000000 1.284375 0.000000 0.999959 0.009036 -16.831020 0.000000 -0.009036 0.999959 16.756786 0.000000 0.000000 0.000000 1.000000
4 0.954304 -0.252770 -0.159407 -13.025906 0.278036 0.946544 0.163558 -7.138231 0.109543 -0.200405 0.973570 0.858406 0.000000 0.000000 0.000000 1.000000
3 0.992062 0.099461 0.076950 -0.124313 -0.037458 0.817859 -0.574198 -35.765831 -0.120044 0.566757 0.815092 3.144568 0.000000 0.000000 0.000000 1.000000
2 0.995357 0.054579 0.079277 0.111785 -0.087791 0.852455 0.515377 -40.173641 -0.039451 -0.519945 0.853289 -5.709243 0.000000 0.000000 0.000000 1.000000
1 1.000000 0.000000 0.000000 -1.284375 -0.000000 0.995529 0.094458 -16.831020 -0.000000 -0.094458 0.995529 16.756786 0.000000 0.000000 0.000000 1.000000
time 2
40 0.986871 0.073944 -0.143589 1.216666 -0.106574 0.966150 -0.234937 90.989410 0.121357 0.247155 0.961346 0.951146 0.000000 0.000000 0.000000 1.000000
39 0.992436 -0.061277 0.106377 0.000000 0.061441 0.998109 0.001736 14.652452 -0.106283 0.004813 0.994324 0.432472 0.000000 0.000000 0.000000 1.000000
38 0.995751 0.054043 0.074561 0.000000 -0.047314 0.994886 -0.089242 10.372511 -0.079002 0.085335 0.993215 0.047685 0.000000 0.000000 0.000000 1.000000
37 0.996797 -0.029888 0.074183 -0.000000 0.032445 0.998912 -0.033501 10.084998 -0.073101 0.035800 0.996682 0.302715 0.000000 0.000000 0.000000 1.000000
36 0.999221 0.035713 -0.016802 -0.000000 -0.035140 0.998829 0.033260 31.685007 0.017970 -0.032643 0.999305 0.246449 0.000000 0.000000 0.000000 1.000000
35 0.996180 -0.028959 -0.082388 -0.000000 0.061976 0.899098 0.433337 11.408890 0.061525 -0.436788 0.897458 1.920896 0.000000 0.000000 0.000000 1.000000
33 0.985266 0.148413 -0.084995 10.912857 -0.145960 0.988692 0.034410 26.732725 0.089141 -0.021498 0.995787 -2.705630 0.000000 0.000000 0.000000 1.000000
32 0.520233 0.840823 0.149581 13.894908 -0.651932 0.504129 -0.566425 -9.016914 -0.551672 0.197156 0.810424 1.215675 0.000000 0.000000 0.000000 1.000000
31 0.206698 0.007120 -0.978379 32.246170 -0.007527 0.999955 0.005687 -0.183667 0.978376 0.006189 0.206742 -2.285661 0.000000 0.000000 0.000000 1.000000
30 0.995001 0.083017 -0.055503 28.013548 -0.074773 0.987751 0.136953 0.183364 0.066193 -0.132118 0.989021 0.670486 0.000000 0.000000 0.000000 1.000000
29 0.452618 0.874157 0.176031 18.109711 -0.882952 0.466946 -0.048539 -0.000038 -0.124628 -0.133457 0.983187 0.000050 0.000000 0.000000 0.000000 1.000000
28 0.592994 0.798329 0.105015 4.183721 -0.798058 0.600050 -0.055171 -0.000026 -0.107059 -0.051091 0.992939 -0.000005 0.000000 0.000000 0.000000 1.000000
27 0.728634 0.683160 0.048848 3.830242 -0.682906 0.730102 -0.024319 -0.098050 -0.052278 -0.015639 0.998510 0.058395 0.000000 0.000000 0.000000 1.000000
25 0.984192 -0.175838 -0.021136 6.273973 0.166924 0.960869 -0.221058 -3.207020 0.059179 0.214036 0.975032 3.859405 0.000000 0.000000 0.000000 1.000000
24 0.953570 -0.246462 0.173091 5.060122 0.253413 0.967173 -0.018930 -2.921443 -0.162744 0.061915 0.984724 2.921605 0.000000 0.000000 0.000000 1.000000
23 0.972417 0.028271 -0.231529 5.809099 -0.037845 0.998598 -0.037012 -3.353832 0.230158 0.044753 0.972124 3.353911 0.000000 0.000000 0.000000 1.000000
21 0.941267 -0.106844 0.320314 -10.912857 0.080740 0.992318 0.093736 26.732725 -0.327868 -0.062368 0.942662 -2.705630 0.000000 0.000000 0.000000 1.000000
20 0.545038 -0.659664 0.517472 -13.894908 0.534061 0.748951 0.392239 -9.016914 -0.646307 0.062577 0.760508 1.215675 0.000000 0.000000 0.000000 1.000000
19 0.449107 -0.008379 0.893438 -32.219643 0.008647 0.999950 0.005031 -0.171897 -0.893436 0.005467 0.449157 -2.634137 0.000000 0.000000 0.000000 1.000000
18 0.966586 0.218869 0.133447 -28.019154 -0.242468 0.949560 0.198860 0.180876 -0.083192 -0.224572 0.970900 0.369207 0.000000 0.000000 0.000000 1.000000
17 0.435104 -0.897695 -0.069490 -18.104378 0.898991 0.437422 -0.021835 0.000443 0.049997 -0.052971 0.997344 -0.195428 0.000000 0.000000 0.000000 1.000000
16 0.529114 -0.841636 -0.108105 -4.916212 0.843165 0.535803 -0.044586 0.000190 0.095448 -0.067559 0.993139 -0.053088 0.000000 0.000000 0.000000 1.000000
15 0.668551 -0.741374 -0.058351 -4.301387 0.742251 0.670060 -0.009121 -0.000004 0.045860 -0.037213 0.998254 -0.013916 0.000000 0.000000 0.000000 1.000000
13 0.955179 0.215129 -0.203353 -6.344480 -0.232322 0.970494 -0.064556 -3.303541 0.183465 0.108906 0.976975 3.657446 0.000000 0.000000 0.000000 1.000000
12 0.934337 0.105319 -0.340474 -4.317011 -0.112081 0.993699 -0.000195 -3.095828 0.338308 0.038343 0.940254 3.801934 0.000000 0.000000 0.000000 1.000000
11 0.987164 -0.145754 0.065296 -4.968810 0.134187 0.978629 0.155816 -4.080473 -0.086611 -0.145054 0.985626 3.860468 0.000000 0.000000 0.000000 1.000000
9 0.988382 -0.124667 -0.086940 13.025906 0.091004 0.027273 0.995477 -7.138231 -0.121732 -0.991824 0.038301 0.858406 0.000000 0.000000 0.000000 1.000000
8 0.996686 0.011538 -0.080518 0.124313 -0.075587 -0.234283 -0.969225 -35.765831 -0.030047 0.972100 -0.232635 3.144568 0.000000 0.000000 0.000000 1.000000
7 0.999534 0.025937 0.016122 -0.111785 -0.018442 0.933418 -0.358317 -40.173641 -0.024342 0.357853 0.933461 -5.709243 0.000000 0.000000 0.000000 1.000000
6 1.000000 -0.000000 0.000000 1.284375 0.000000 0.999990 0.004535 -16.831020 -0.000000 -0.004535 0.999990 16.756786 0.000000 0.000000 0.000000 1.000000
4 0.960951 -0.140413 -0.238447 -13.025906 0.138825 0.990037 -0.023529 -7.138231 0.239375 -0.010492 0.970871 0.858406 0.000000 0.000000 0.000000 1.000000
3 0.991646 0.072744 0.106517 -0.124313 -0.025549 0.920210 -0.390591 -35.765831 -0.126431 0.384607 0.914381 3.144568 0.000000 0.000000 0.000000 1.000000
2 0.980276 0.024866 0.196061 0.111785 -0.096048 0.926957 0.362664 -40.173641 -0.172722 -0.374343 0.911062 -5.709243 0.000000 0.000000 0.000000 1.000000
1 0.999993 0.003869 0.000116 -1.284375 -0.003779 0.969201 0.246243 -16.831020 0.000840 -0.246241 0.969208 16.756786 0.000000 0.000000 0.000000 1.000000
time 3
40 0.990923 0.011161 -0.133966 1.209880 -0.047450 0.961442 -0.270884 93.089859 0.125777 0.274782 0.953244 1.228046 0.000000 0.000000 0.000000 1.000000
39 0.991425 -0.024723 0.128318 -0.000000 0.023681 0.999673 0.009643 14.652452 -0.128515 -0.006522 0.991686 0.432472 0.000000 0.000000 0.000000 1.000000
38 0.988886 0.093451 0.115639 0.000000 -0.085842 0.993908 -0.069131 10.372511 -0.121395 0.058436 0.990883 0.047685 0.000000 0.000000 0.000000 1.000000
37 0.993142 0.007361 0.116684 0.000000 -0.005945 0.999904 -0.012484 10.084998 -0.116765 0.011704 0.993091 0.302715 0.000000 0.000000 0.000000 1.000000
36 0.999094 0.019588 -0.037789 0.000000 -0.018761 0.999579 0.022125 31.685007 0.038206 -0.021396 0.999041 0.246449 0.000000 0.000000 0.000000 1.000000
35 0.983218 -0.021658 -0.181145 -0.000000 0.095181 0.907979 0.408062 11.408890 0.155638 -0.418456 0.894803 1.920896 0.000000 0.000000 0.000000 1.000000
33 0.985533 0.135257 -0.102126 10.912857 -0.132371 0.990598 0.034555 26.732725 0.105839 -0.020536 0.994171 -2.705630 0.000000 0.000000 0.000000 1.000000
32 0.591491 0.775953 0.219169 13.894908 -0.524353 0.576661 -0.626511 -9.016914 -0.612530 0.255653 0.747963 1.215675 0.000000 0.000000 0.000000 1.000000
31 0.065595 0.006196 -0.997827 32.246170 -0.006721 0.999961 0.005767 -0.183667 0.997824 0.006328 0.065634 -2.285661 0.000000 0.000000 0.000000 1.000000
30 0.997216 0.046473 0.058318 28.013548 -0.061322 0.956049 0.286724 0.183364 -0.042430 -0.289502 0.956237 0.670486 0.000000 0.000000 0.000000 1.000000
29 0.584503 0.795530 0.159650 18.109711 -0.802340 0.595992 -0.032317 -0.000038 -0.120859 -0.109204 0.986645 0.000050 0.000000 0.000000 0.000000 1.000000
28 0.644394 0.757881 0.101846 4.183721 -0.757634 0.650813 -0.049324 -0.000026 -0.103664 -0.045378 0.993577 -0.000005 0.000000 0.000000 0.000000 1.000000
27 0.771857 0.634290 0.043725 3.830242 -0.634087 0.772999 -0.020143 -0.098050 -0.046576 -0.012178 0.998841 0.058395 0.000000 0.000000 0.000000 1.000000
25 0.984192 -0.175838 -0.021136 6.273973 0.166924 0.960869 -0.221058 -3.207020 0.059179 0.214036 0.975032 3.859405 0.000000 0.000000 0.000000 1.000000
24 0.944759 -0.305348 0.119134 5.060122 0.306734 0.951770 0.006976 -2.921443 -0.115518 0.029951 0.992854 2.921605 0.000000 0.000000 0.000000 1.000000
23 0.965199 0.033745 -0.259331 5.809099 -0.054230 0.995911 -0.072248 -3.353832 0.255832 0.083797 0.963083 3.353911 0.000000 0.000000 0.000000 1.000000
21 0.941385 -0.068301 0.330346 -10.912857 0.042444 0.995488 0.084869 26.732725 -0.334652 -0.065873 0.940037 -2.705630 0.000000 0.000000 0.000000 1.000000
20 0.573673 -0.689556 0.442054 -13.894908 0.506251 0.722764 0.470449 -9.016914 -0.643901 -0.046093 0.763719 1.215675 0.000000 0.000000 0.000000 1.000000
19 0.400567 -0.008069 0.916232 -32.219643 0.008384 0.999952 0.005141 -0.171897 -0.916229 0.005623 0.400615 -2.634137 0.000000 0.000000 0.000000 1.000000
18 0.989178 0.138112 0.049515 -28.019154 -0.145396 0.967971 0.204674 0.180876 -0.019661 -0.209658 0.977577 0.369207 0.000000 0.000000 0.000000 1.000000
17 0.447224 -0.894407 -0.005176 -18.104378 0.894421 0.447211 0.003630 0.000443 -0.000932 -0.006253 0.999980 -0.195428 0.000000 0.000000 0.000000 1.000000
16 0.536490 -0.837017 -0.107613 -4.916212 0.838525 0.543095 -0.043862 0.000190 0.095157 -0.066705 0.993225 -0.053088 0.000000 0.000000 0.000000 1.000000
15 0.675005 -0.735565 -0.057551 -4.301387 0.736422 0.676468 -0.008646 -0.000004 0.045291 -0.036545 0.998305 -0.013916 0.000000 0.000000 0.000000 1.000000
13 0.964299 0.206178 -0.166189 -6.344480 -0.217480 0.974638 -0.052749 -3.303541 0.151098 0.087008 0.984682 3.657446 0.000000 0.000000 0.000000 1.000000
12 0.934337 0.105319 -0.340474 -4.317011 -0.112081 0.993699 -0.000195 -3.095828 0.338308 0.038343 0.940254 3.801934 0.000000 0.000000 0.000000 1.000000
11 0.987164 -0.145754 0.065295 -4.968810 0.134187 0.978629 0.155816 -4.080473 -0.086611 -0.145054 0.985626 3.860468 0.000000 0.000000 0.000000 1.000000
9 0.995353 -0.091833 -0.028962 13.025906 0.038482 0.103646 0.993870 -7.138231 -0.088268 -0.990366 0.106698 0.858406 0.000000 0.000000 0.000000 1.000000
8 0.998384 0.027695 -0.049623 0.124313 -0.052163 0.100100 -0.993609 -35.765831 -0.022551 0.994592 0.101383 3.144568 0.000000 0.000000 0.000000 1.000000
7 0.999740 0.012803 0.018881 -0.111785 -0.008499 0.977106 -0.212584 -40.173641 -0.021171 0.212368 0.976960 -5.709243 0.000000 0.000000 0.000000 1.000000
6 1.000000 -0.000000 -0.000000 1.284375 0.000000 0.999989 -0.004693 -16.831020 0.000000 0.004693 0.999989 16.756786 0.000000 0.000000 0.000000 1.000000
4 0.953530 -0.034343 -0.299333 -13.025906 0.015398 0.997739 -0.065422 -7.138231 0.300903 0.057772 0.951903 0.858406 0.000000 0.000000 0.000000 1.000000
3 0.990863 0.047826 0.126106 -0.124313 -0.003436 0.943662 -0.330894 -35.765831 -0.134826 0.327437 0.935204 3.144568 0.000000 0.000000 0.000000 1.000000
2 0.972460 -0.028005 0.231382 0.111785 0.000591 0.993048 0.117708 -40.173641 -0.233070 -0.114330 0.965716 -5.709243 0.000000 0.000000 0.000000 1.000000
1 0.997027 0.073515 0.023073 -1.284375 -0.075466 0.871283 0.484944 -16.831020 0.015548 -0.485243 0.874241 16.756786 0.000000 0.000000 0.000000 1.000000
time 4
40 0.995699 -0.026127 -0.088890 1.118210 -0.001488 0.954781 -0.297305 94.280472 0.092638 0.296158 0.950636 0.769065 0.000000 0.000000 0.000000 1.000000
39 0.990153 -0.001333 0.139980 0.000000 -0.000392 0.999924 0.012296 14.652452 -0.139986 -0.012230 0.990078 0.432472 0.000000 0.000000 0.000000 1.000000
38 0.983787 0.115519 0.137179 0.000000 -0.108742 0.992495 -0.055934 10.372511 -0.142611 0.040110 0.988966 0.047685 0.000000 0.000000 0.000000 1.000000
37 0.989823 0.028641 0.139392 -0.000000 -0.029052 0.999577 0.000911 10.084998 -0.139307 -0.004952 0.990237 0.302715 0.000000 0.000000 0.000000 1.000000
36 0.998498 0.018324 -0.051639 0.000000 -0.017880 0.999799 0.009052 31.685007 0.051794 -0.008115 0.998625 0.246449 0.000000 0.000000 0.000000 1.000000
35 0.965190 -0.005831 -0.261484 -0.000000 0.113855 0.909423 0.399984 11.408890 0.235467 -0.415832 0.878430 1.920896 0.000000 0.000000 0.000000 1.000000
33 0.981715 0.160657 -0.102102 10.912857 -0.158079 0.986878 0.032911 26.732725 0.106050 -0.016169 0.994229 -2.705630 0.000000 0.000000 0.000000 1.000000
32 0.662755 0.693147 0.283379 13.894908 -0.424772 0.659638 -0.620038 -9.016914 -0.616705 0.290562 0.731607 1.215675 0.000000 0.000000 0.000000 1.000000
31 -0.060801 0.005370 -0.998135 32.246170 -0.006003 0.999965 0.005745 -0.183667 0.998132 0.006341 -0.060766 -2.285661 0.000000 0.000000 0.000000 1.000000
30 0.991067 -0.030352 0.129868 28.013548 -0.021658 0.924205 0.381283 0.183364 -0.131597 -0.380690 0.915291 0.670486 0.000000 0.000000 0.000000 1.000000
29 0.674495 0.724096 0.144021 18.109711 -0.729121 0.683962 -0.024064 -0.000038 -0.115930 -0.088778 0.989282 0.000050 0.000000 0.000000 0.000000 1.000000
28 0.671938 0.733838 0.099909 4.183721 -0.733605 0.678007 -0.046149 -0.000026 -0.101605 -0.042285 0.993926 -0.000005 0.000000 0.000000 0.000000 1.000000
27 0.794583 0.605786 0.040747 3.830242 -0.605610 0.795559 -0.017957 -0.098050 -0.043295 -0.010408 0.999008 0.058395 0.000000 0.000000 0.000000 1.000000
25 0.984192 -0.175838 -0.021136 6.273973 0.166924 0.960869 -0.221058 -3.207020 0.059180 0.214036 0.975032 3.859405 0.000000 0.000000 0.000000 1.000000
24 0.934939 -0.346333 0.077086 5.060122 0.344469 0.938079 0.036719 -2.921443 -0.085029 -0.007776 0.996348 2.921605 0.000000 0.000000 0.000000 1.000000
23 0.962076 0.045935 -0.268884 5.809099 -0.075771 0.991930 -0.101655 -3.353832 0.262045 0.118174 0.957793 3.353911 0.000000 0.000000 0.000000 1.000000
21 0.958834 -0.054039 0.278777 -10.912857 0.032812 0.996234 0.080258 26.732725 -0.282064 -0.067807 0.956996 -2.705630 0.000000 0.000000 0.000000 1.000000
20 0.592500 -0.696387 0.404956 -13.894908 0.484343 0.709640 0.511687 -9.016914 -0.643705 -0.107037 0.757752 1.215675 0.000000 0.000000 0.000000 1.000000
19 0.321378 -0.007563 0.946921 -32.219643 0.007956 0.999954 0.005286 -0.171897 -0.946917 0.005835 0.321424 -2.634137 0.000000 0.000000 0.000000 1.000000
18 0.993520 0.108006 0.035386 -28.019154 -0.111296 0.987648 0.110292 0.180876 -0.023037 -0.113515 0.993269 0.369207 0.000000 0.000000 0.000000 1.000000
17 0.487428 -0.873156 0.003706 -18.104378 0.873161 0.487432 0.000303 0.000443 -0.002071 0.003089 0.999993 -0.195428 0.000000 0.000000 0.000000 1.000000
16 0.537443 -0.836414 -0.107549 -4.916212 0.837919 0.544037 -0.043768 0.000190 0.095119 -0.066595 0.993236 -0.053088 0.000000 0.000000 0.000000 1.000000
15 0.675837 -0.734809 -0.057447 -4.301387 0.735663 0.677293 -0.008585 -0.000004 0.045217 -0.036459 0.998312 -0.013916 0.000000 0.000000 0.000000 1.000000
13 0.970972 0.197234 -0.135321 -6.344480 -0.204589 0.977918 -0.042649 -3.303541 0.123921 0.069096 0.989883 3.657446 0.000000 0.000000 0.000000 1.000000
12 0.934337 0.105319 -0.340473 -4.317011 -0.112081 0.993699 -0.000195 -3.095828 0.338307 0.038343 0.940254 3.801934 0.000000 0.000000 0.000000 1.000000
11 0.987164 -0.145754 0.065295 -4.968810 0.134187 0.978629 0.155816 -4.080473 -0.086611 -0.145055 0.985626 3.860468 0.000000 0.000000 0.000000 1.000000
9 0.999777 -0.020412 0.005465 13.025906 -0.001373 0.195335 0.980736 -7.138231 -0.021087 -0.980524 0.195264 0.858406 0.000000 0.000000 0.000000 1.000000
8 0.998780 0.024034 -0.043145 0.124313 -0.049370 0.462204 -0.885398 -35.765831 -0.001338 0.886448 0.462826 3.144568 0.000000 0.000000 0.000000 1.000000
7 0.998397 0.040123 0.039916 -0.111785 -0.036347 0.995169 -0.091198 -40.173641 -0.043382 0.089601 0.995032 -5.709243 0.000000 0.000000 0.000000 1.000000
6 1.000000 0.000000 -0.000000 1.284375 -0.000000 0.999892 -0.014705 -16.831020 0.000000 0.014705 0.999892 16.756786 0.000000 0.000000 0.000000 1.000000
4 0.969050 0.040328 -0.243548 -13.025906 -0.047657 0.998569 -0.024274 -7.138231 0.242221 0.035129 0.969585 0.858406 0.000000 0.000000 0.000000 1.000000
3 0.997679 0.057409 0.036615 -0.124313 -0.037231 0.910156 -0.412589 -35.765831 -0.057012 0.410268 0.910181 3.144568 0.000000 0.000000 0.000000 1.000000
2 0.949820 -0.295852 0.101553 0.111785 0.306319 0.945492 -0.110514 -40.173641 -0.063322 0.136076 0.988673 -5.709243 0.000000 0.000000 0.000000 1.000000
1 0.976378 0.174402 0.127553 -1.284375 -0.215937 0.808257 0.547806 -16.831020 -0.007557 -0.562409 0.826825 16.756786 0.000000 0.000000 0.000000 1.000000
time 5
40 0.999092 -0.020168 -0.037529 0.819587 0.008409 0.956878 -0.290367 94.993896 0.041767 0.289788 0.956179 -0.109493 0.000000 0.000000 0.000000 1.000000
39 0.990271 0.000016 0.139155 0.000000 -0.000622 0.999991 0.004310 14.652452 -0.139153 -0.004355 0.990261 0.432472 0.000000 0.000000 0.000000 1.000000
38 0.983887 0.112166 0.139230 0.000000 -0.104846 0.992745 -0.058864 10.372511 -0.144822 0.043318 0.988509 0.047685 0.000000 0.000000 0.000000 1.000000
37 0.989568 0.024900 0.141898 -0.000000 -0.024901 0.999688 -0.001773 10.084998 -0.141898 -0.001779 0.989880 0.302715 0.000000 0.000000 0.000000 1.000000
36 0.998090 0.027048 -0.055536 0.000000 -0.026406 0.999576 0.012256 31.685007 0.055844 -0.010766 0.998381 0.246449 0.000000 0.000000 0.000000 1.000000
35 0.954996 0.016918 -0.296137 -0.000000 0.110613 0.906044 0.408472 11.408890 0.275224 -0.422845 0.863397 1.920896 0.000000 0.000000 0.000000 1.000000
33 0.979498 0.178301 -0.093764 10.912857 -0.176089 0.983872 0.031428 26.732725 0.097855 -0.014273 0.995098 -2.705630 0.000000 0.000000 0.000000 1.000000
32 0.695053 0.664653 0.274114 13.894908 -0.443475 0.696438 -0.564184 -9.016914 -0.565890 0.270576 0.778818 1.215675 0.000000 0.000000 0.000000 1.000000
31 -0.096895 0.005134 -0.995281 32.246170 -0.005798 0.999967 0.005723 -0.183667 0.995278 0.006325 -0.096862 -2.285661 0.000000 0.000000 0.000000 1.000000
30 0.978247 -0.135915 0.156719 28.013548 0.058946 0.906451 0.418177 0.183364 -0.198895 -0.399842 0.894744 0.670486 0.000000 0.000000 0.000000 1.000000
29 0.725271 0.675526 0.132840 18.109711 -0.679217 0.733601 -0.022202 -0.000038 -0.112450 -0.074125 0.990889 0.000050 0.000000 0.000000 0.000000 1.000000
28 0.680098 0.726365 0.099300 4.183721 -0.726136 0.686064 -0.045202 -0.000026 -0.100959 -0.041364 0.994030 -0.000005 0.000000 0.000000 0.000000 1.000000
27 0.801243 0.597012 0.039831 3.830242 -0.596843 0.802171 -0.017318 -0.098050 -0.042290 -0.009897 0.999056 0.058395 0.000000 0.000000 0.000000 1.000000
25 0.984192 -0.175838 -0.021136 6.273973 0.166924 0.960869 -0.221058 -3.207020 0.059179 0.214036 0.975032 3.859405 0.000000 0.000000 0.000000 1.000000
24 0.929371 -0.365648 0.050715 5.060122 0.362067 0.929679 0.067854 -2.921443 -0.071959 -0.044699 0.996406 2.921605 0.000000 0.000000 0.000000 1.000000
23 0.964711 0.060142 -0.256349 5.809099 -0.089176 0.990658 -0.103175 -3.353832 0.247749 0.122394 0.961062 3.353911 0.000000 0.000000 0.000000 1.000000
21 0.969359 -0.055589 0.239278 -10.912857 0.037521 0.996135 0.079414 26.732725 -0.242768 -0.068003 0.967698 -2.705630 0.000000 0.000000 0.000000 1.000000
20 0.614576 -0.690190 0.382013 -13.894908 0.475139 0.710434 0.519159 -9.016914 -0.629713 -0.137553 0.764552 1.215675 0.000000 0.000000 0.000000 1.000000
19 0.261766 -0.007181 0.965105 -32.219643 0.007635 0.999956 0.005369 -0.171897 -0.965101 0.005963 0.261809 -2.634137 0.000000 0.000000 0.000000 1.000000
18 0.977190 0.136505 0.162685 -28.019154 -0.144347 0.988822 0.037340 0.180876 -0.155769 -0.059971 0.985971 0.369207 0.000000 0.000000 0.000000 1.000000
17 0.488339 -0.871888 -0.036565 -18.104378 0.872130 0.489069 -0.014164 0.000443 0.030232 -0.024972 0.999231 -0.195428 0.000000 0.000000 0.000000 1.000000
16 0.535614 -0.837571 -0.107672 -4.916212 0.839081 0.542229 -0.043948 0.000190 0.095192 -0.066807 0.993215 -0.053088 0.000000 0.000000 0.000000 1.000000
15 0.674239 -0.736260 -0.057646 -4.301387 0.737119 0.675707 -0.008703 -0.000004 0.045359 -0.036625 0.998299 -0.013916 0.000000 0.000000 0.000000 1.000000
13 0.974939 0.189641 -0.116320 -6.344480 -0.194983 0.980134 -0.036308 -3.303541 0.107124 0.058078 0.992548 3.657446 0.000000 0.000000 0.000000 1.000000
12 0.934337 0.105319 -0.340474 -4.317011 -0.112081 0.993699 -0.000195 -3.095828 0.338308 0.038343 0.940254 3.801934 0.000000 0.000000 0.000000 1.000000
11 0.987164 -0.145754 0.065295 -4.968810 0.134187 0.978629 0.155816 -4.080473 -0.086611 -0.145055 0.985626 3.860468 0.000000 0.000000 0.000000 1.000000
9 0.999034 0.024009 0.036810 13.025906 -0.043192 0.381771 0.923247 -7.138231 0.008114 -0.923945 0.382439 0.858406 0.000000 0.000000 0.000000 1.000000
8 0.999176 0.012929 -0.038475 0.124313 -0.033334 0.802219 -0.596098 -35.765831 0.023159 0.596889 0.801989 3.144568 0.000000 0.000000 0.000000 1.000000
7 0.996260 0.085825 0.010050 -0.111785 -0.085180 0.994962 -0.052867 -40.173641 -0.014536 0.051813 0.998551 -5.709243 0.000000 0.000000 0.000000 1.000000
6 1.000000 -0.000000 0.000000 1.284375 0.000000 0.999970 -0.007707 -16.831020 -0.000000 0.007707 0.999970 16.756786 0.000000 0.000000 0.000000 1.000000
4 0.982922 0.008065 -0.183847 -13.025906 -0.002683 0.999561 0.029502 -7.138231 0.184004 -0.028505 0.982512 0.858406 0.000000 0.000000 0.000000 1.000000
3 0.994461 0.101969 -0.025467 -0.124313 -0.095679 0.778049 -0.620874 -35.765831 -0.043495 0.619872 0.783496 3.144568 0.000000 0.000000 0.000000 1.000000
2 0.978684 -0.204958 -0.013026 0.111785 0.199925 0.965324 -0.167868 -40.173641 0.046981 0.161686 0.985723 -5.709243 0.000000 0.000000 0.000000 1.000000
1 0.997785 -0.066199 -0.006498 -1.284375 0.066516 0.992658 0.101024 -16.831020 -0.000237 -0.101232 0.994863 16.756786 0.000000 0.000000 0.000000 1.000000
time 6
40 0.999983 0.002602 0.005268 0.492737 -0.001223 0.969146 -0.246482 94.261078 -0.005747 0.246472 0.969133 -1.554579 0.000000 0.000000 0.000000 1.000000
39 0.992206 -0.006148 0.124458 0.000000 0.008314 0.999823 -0.016892 14.652452 -0.124332 0.017795 0.992081 0.432472 0.000000 0.000000 0.000000 1.000000
38 0.987819 0.091541 0.125835 0.000000 -0.081823 0.993403 -0.080352 10.372511 -0.132360 0.069077 0.988792 0.047685 0.000000 0.000000 0.000000 1.000000
37 0.991696 0.003967 0.128540 -0.000000 -0.001040 0.999739 -0.022830 10.084998 -0.128597 0.022506 0.991442 0.302715 0.000000 0.000000 0.000000 1.000000
36 0.998170 0.036479 -0.048220 0.000000 -0.030481 0.992337 0.119740 31.685007 0.052218 -0.118051 0.991634 0.246449 0.000000 0.000000 0.000000 1.000000
35 0.958934 0.036414 -0.281283 -0.000000 0.066849 0.934770 0.348907 11.408890 0.275640 -0.353382 0.893948 1.920896 0.000000 0.000000 0.000000 1.000000
33 0.977660 0.176022 -0.114882 10.912857 -0.173534 0.984328 0.031387 26.732725 0.118606 -0.010750 0.992883 -2.705630 0.000000 0.000000 0.000000 1.000000
32 0.666849 0.701370 0.251778 13.894908 -0.534146 0.685474 -0.494786 -9.016914 -0.519616 0.195462 0.831742 1.215675 0.000000 0.000000 0.000000 1.000000
31 -0.114237 0.005019 -0.993441 32.246170 -0.005700 0.999967 0.005707 -0.183667 0.993437 0.006315 -0.114205 -2.285661 0.000000 0.000000 0.000000 1.000000
30 0.960431 -0.227761 0.160303 28.013548 0.141877 0.895368 0.422122 0.183364 -0.239673 -0.382676 0.892253 0.670486 0.000000 0.000000 0.000000 1.000000
29 0.738932 0.661440 0.128361 18.109711 -0.664422 0.746965 -0.024225 -0.000038 -0.111904 -0.067385 0.991432 0.000050 0.000000 0.000000 0.000000 1.000000
28 0.671925 0.733849 0.099910 4.183721 -0.733616 0.677995 -0.046150 -0.000026 -0.101606 -0.042286 0.993926 -0.000005 0.000000 0.000000 0.000000 1.000000
27 0.794543 0.605839 0.040752 3.830242 -0.605662 0.795519 -0.017961 -0.098050 -0.043301 -0.010411 0.999008 0.058395 0.000000 0.000000 0.000000 1.000000
25 0.984192 -0.175838 -0.021136 6.273973 0.166924 0.960869 -0.221058 -3.207020 0.059180 0.214036 0.975032 3.859405 0.000000 0.000000 0.000000 1.000000
24 0.931306 -0.361445 0.045020 5.060122 0.356156 0.929552 0.095323 -2.921443 -0.076303 -0.072741 0.994428 2.921605 0.000000 0.000000 0.000000 1.000000
23 0.970403 0.071634 -0.230623 5.809099 -0.098552 0.989321 -0.107388 -3.353832 0.220467 0.126938 0.967099 3.353911 0.000000 0.000000 0.000000 1.000000
21 0.964455 -0.075523 0.253226 -10.912857 0.055991 0.994935 0.083479 26.732725 -0.258248 -0.066334 0.963799 -2.705630 0.000000 0.000000 0.000000 1.000000
20 0.650449 -0.673799 0.350585 -13.894908 0.492285 0.725480 0.480972 -9.016914 -0.578421 -0.140260 0.803590 1.215675 0.000000 0.000000 0.000000 1.000000
19 0.250694 -0.007110 0.968040 -32.219643 0.007576 0.999957 0.005383 -0.171897 -0.968037 0.005984 0.250737 -2.634137 0.000000 0.000000 0.000000 1.000000
18 0.930991 0.132153 0.340280 -28.019154 -0.147925 0.988782 0.020706 0.180876 -0.333727 -0.069613 0.940096 0.369207 0.000000 0.000000 0.000000 1.000000
17 0.504439 -0.857356 -0.102384 -18.104378 0.859248 0.510125 -0.038286 0.000443 0.085053 -0.068660 0.994008 -0.195428 0.000000 0.000000 0.000000 1.000000
16 0.533509 -0.838895 -0.107813 -4.916212 0.840411 0.540148 -0.044154 0.000190 0.095276 -0.067051 0.993190 -0.053088 0.000000 0.000000 0.000000 1.000000
15 0.672398 -0.737924 -0.057875 -4.301387 0.738789 0.673879 -0.008838 -0.000004 0.045522 -0.036815 0.998285 -0.013916 0.000000 0.000000 0.000000 1.000000
13 0.976035 0.184956 -0.114661 -6.344480 -0.190127 0.981105 -0.035838 -3.303541 0.105866 0.056779 0.992758 3.657446 0.000000 0.000000 0.000000 1.000000
12 0.934337 0.105319 -0.340474 -4.317011 -0.112081 0.993699 -0.000195 -3.095828 0.338308 0.038343 0.940254 3.801934 0.000000 0.000000 0.000000 1.000000
11 0.987164 -0.145754 0.065295 -4.968810 0.134188 0.978629 0.155816 -4.080473 -0.086611 -0.145054 0.985626 3.860468 0.000000 0.000000 0.000000 1.000000
9 0.998631 0.032262 0.041164 13.025906 -0.052299 0.611612 0.789427 -7.138231 0.000292 -0.790500 0.612462 0.858406 0.000000 0.000000 0.000000 1.000000
8 0.998063 0.033828 -0.052215 0.124313 -0.044497 0.974695 -0.219066 -35.765831 0.043483 0.220965 0.974312 3.144568 0.000000 0.000000 0.000000 1.000000
7 0.989918 0.141637 -0.000839 -0.111785 -0.140868 0.983892 -0.110058 -40.173641 -0.014763 0.109066 0.993925 -5.709243 0.000000 0.000000 0.000000 1.000000
6 1.000000 0.000000 0.000000 1.284375 -0.000000 0.995032 0.099554 -16.831020 0.000000 -0.099554 0.995032 16.756786 0.000000 0.000000 0.000000 1.000000
4 0.985293 -0.032810 -0.167694 -13.025906 0.048327 0.994831 0.089305 -7.138231 0.163897 -0.096096 0.981786 0.858406 0.000000 0.000000 0.000000 1.000000
3 0.990704 0.126850 -0.049134 -0.124313 -0.110477 0.539514 -0.834697 -35.765831 -0.079373 0.832366 0.548513 3.144568 0.000000 0.000000 0.000000 1.000000
2 0.979587 -0.178605 -0.092246 0.111785 0.157108 0.966503 -0.202948 -40.173641 0.125404 0.184313 0.974835 -5.709243 0.000000 0.000000 0.000000 1.000000
1 1.000000 -0.000000 0.000000 -1.284375 0.000000 0.999968 0.008033 -16.831020 -0.000000 -0.008033 0.999968 16.756786 0.000000 0.000000 0.000000 1.000000
time 7
40 0.998797 0.009943 0.048023 0.389273 -0.000452 0.981054 -0.193733 91.638916 -0.049039 0.193479 0.979878 -2.681218 0.000000 0.000000 0.000000 1.000000
39 0.994745 -0.010675 0.101828 0.000000 0.014774 0.999107 -0.039591 14.652452 -0.101315 0.040887 0.994014 0.432472 0.000000 0.000000 0.000000 1.000000
38 0.992353 0.076160 0.097139 0.000000 -0.065495 0.991924 -0.108613 10.372511 -0.104626 0.101420 0.989327 0.047685 0.000000 0.000000 0.000000 1.000000
37 0.994898 -0.010423 0.100348 -0.000000 0.015659 0.998548 -0.051535 10.084998 -0.099666 0.052843 0.993617 0.302715 0.000000 0.000000 0.000000 1.000000
36 0.998696 0.032017 -0.039773 0.000000 -0.027040 0.992414 0.119933 31.685007 0.043311 -0.118702 0.991985 0.246449 0.000000 0.000000 0.000000 1.000000
35 0.970005 0.039761 -0.239812 -0.000000 0.056083 0.923311 0.379936 11.408890 0.236528 -0.381989 0.893386 1.920896 0.000000 0.000000 0.000000 1.000000
33 0.966954 0.227041 -0.115984 10.912857 -0.225185 0.973883 0.029030 26.732725 0.119546 -0.001953 0.992827 -2.705630 0.000000 0.000000 0.000000 1.000000
32 0.687690 0.696600 0.204525 13.894908 -0.593764 0.701755 -0.393679 -9.016914 -0.417763 0.149290 0.896207 1.215675 0.000000 0.000000 0.000000 1.000000
31 -0.096683 0.005135 -0.995302 32.246170 -0.005799 0.999967 0.005722 -0.183667 0.995298 0.006325 -0.096650 -2.285661 0.000000 0.000000 0.000000 1.000000
30 0.953463 -0.257716 0.156493 28.013548 0.180451 0.903569 0.388588 0.183364 -0.241548 -0.342265 0.908025 0.670486 0.000000 0.000000 0.000000 1.000000
29 0.657675 0.738672 0.147741 18.109711 -0.743129 0.668316 -0.033359 -0.000038 -0.123379 -0.087851 0.988463 0.000050 0.000000 0.000000 0.000000 1.000000
28 0.626828 0.772321 0.102991 4.183721 -0.772066 0.633466 -0.051333 -0.000026 -0.104887 -0.047339 0.993357 -0.000005 0.000000 0.000000 0.000000 1.000000
27 0.757134 0.651670 0.045545 3.830242 -0.651450 0.758385 -0.021563 -0.098050 -0.048592 -0.013344 0.998730 0.058395 0.000000 0.000000 0.000000 1.000000
25 0.984192 -0.175838 -0.021136 6.273973 0.166924 0.960869 -0.221058 -3.207020 0.059179 0.214036 0.975032 3.859405 0.000000 0.000000 0.000000 1.000000
24 0.951117 -0.286703 0.114792 5.060122 0.275712 0.955746 0.102629 -2.921443 -0.139136 -0.065963 0.988074 2.921605 0.000000 0.000000 0.000000 1.000000
23 0.981017 0.069690 -0.180965 5.809099 -0.092689 0.988204 -0.121907 -3.353832 0.170334 0.136367 0.975905 3.353911 0.000000 0.000000 0.000000 1.000000
21 0.961960 -0.104044 0.252601 -10.912857 0.084017 0.992496 0.088843 26.732725 -0.259949 -0.064241 0.963483 -2.705630 0.000000 0.000000 0.000000 1.000000
20 0.660041 -0.654508 0.368734 -13.894908 0.519919 0.752288 0.404657 -9.016914 -0.542246 -0.075379 0.836832 1.215675 0.000000 0.000000 0.000000 1.000000
19 0.360197 -0.007811 0.932844 -32.219643 0.008166 0.999953 0.005220 -0.171897 -0.932841 0.005737 0.360243 -2.634137 0.000000 0.000000 0.000000 1.000000
18 0.834382 0.042712 0.549529 -28.019154 -0.091558 0.993882 0.061769 0.180876 -0.543529 -0.101853 0.833188 0.369207 0.000000 0.000000 0.000000 1.000000
17 0.568202 -0.808357 -0.153966 -18.104378 0.812209 0.580971 -0.052821 0.000443 0.132148 -0.095039 0.986663 -0.195428 0.000000 0.000000 0.000000 1.000000
16 0.531595 -0.840093 -0.107941 -4.916212 0.841614 0.538255 -0.044341 0.000190 0.095351 -0.067273 0.993168 -0.053088 0.000000 0.000000 0.000000 1.000000
15 0.670723 -0.739430 -0.058083 -4.301387 0.740300 0.672217 -0.008961 -0.000004 0.045670 -0.036988 0.998272 -0.013916 0.000000 0.000000 0.000000 1.000000
