keyframes
0.000000
0.033333
0.066667
0.100000
0.133333
0.166667
0.200000
0.233333
0.266667
0.300000
0.333333
0.366667
0.400000
0.433333
0.466667
0.500000
0.533333
0.566667
0.600000
0.633333
0.666667
0.700000
0.733333
0.766667
0.800000
0.833333
0.866667
0.900000
0.933333
0.966667
1.000000
1.033333
time 0
35 0.999436 -0.002823 0.033460 0.076644 0.003956 0.999420 -0.033836 90.839966 -0.033345 0.033950 0.998867 -0.185660 0.000000 0.000000 0.000000 1.000000
34 0.999733 0.004826 -0.022601 -0.000000 -0.007228 0.994189 -0.107404 10.763858 0.021951 0.107539 0.993958 1.243517 0.000000 0.000000 0.000000 1.000000
33 0.998877 -0.021488 -0.042215 -0.018927 0.019647 0.998858 -0.043549 13.061344 0.043103 0.042670 0.998159 0.227481 0.000000 0.000000 0.000000 1.000000
32 0.998867 -0.023401 -0.041444 -0.021630 0.021613 0.998838 -0.043085 12.988213 0.042404 0.042141 0.998211 -0.916687 0.000000 0.000000 0.000000 1.000000
31 0.999301 0.004142 0.037153 -0.011927 -0.004454 0.999956 0.008316 24.670660 -0.037116 -0.008475 0.999275 2.028101 0.000000 0.000000 0.000000 1.000000
30 0.999296 0.003778 0.037328 -0.000000 -0.004081 0.999959 0.008039 8.817325 -0.037296 -0.008186 0.999271 6.102616 0.000000 0.000000 0.000000 1.000000
29 0.956289 0.245192 -0.159351 9.553568 -0.249310 0.968405 -0.006071 16.065386 0.152827 0.045534 0.987203 -5.227832 0.000000 0.000000 0.000000 1.000000
28 0.464817 0.768269 -0.440123 17.892990 -0.874807 0.475180 -0.094425 2.066080 0.136594 0.428913 0.892959 -0.922929 0.000000 0.000000 0.000000 1.000000
27 0.990522 0.000019 -0.137356 26.374767 -0.000019 1.000000 0.000001 -0.000102 0.137356 0.000002 0.990522 -1.459064 0.000000 0.000000 0.000000 1.000000
25 0.960104 -0.270186 0.072110 -9.553568 0.271548 0.962377 -0.009617 16.065386 -0.066799 0.028815 0.997350 -5.227832 0.000000 0.000000 0.000000 1.000000
24 0.544492 -0.668121 0.507092 -17.811876 0.774026 0.633147 0.003093 2.066080 -0.323130 0.390818 0.861886 -0.922929 0.000000 0.000000 0.000000 1.000000
23 0.939500 -0.000018 0.342550 -26.374767 0.000019 1.000000 0.000002 -0.000102 -0.342550 0.000005 0.939500 -1.459064 0.000000 0.000000 0.000000 1.000000
22 0.901810 -0.172983 -0.396000 -26.753433 0.134127 0.983172 -0.124028 0.000357 0.410791 0.058735 0.909836 0.000016 0.000000 0.000000 0.000000 1.000000
21 0.987139 0.139655 0.077806 -2.492348 -0.132033 0.986609 -0.095756 -4.446348 -0.090137 0.084252 0.992359 6.163476 0.000000 0.000000 0.000000 1.000000
20 0.991651 0.065002 -0.111372 -6.602643 -0.066889 0.997672 -0.013290 -4.314004 0.110249 0.020629 0.993690 6.890449 0.000000 0.000000 0.000000 1.000000
19 0.985468 0.075662 0.152081 -6.784767 -0.114264 0.957752 0.263922 -2.966900 -0.125687 -0.277463 0.952479 4.170527 0.000000 0.000000 0.000000 1.000000
17 0.818345 -0.249440 0.517775 -18.447754 0.275614 0.960881 0.027298 1.479890 -0.504329 0.120366 0.855081 8.654249 0.000000 0.000000 0.000000 1.000000
16 0.914871 -0.403704 0.005880 -7.514380 0.403704 0.914889 0.001239 0.000000 -0.005880 0.001240 0.999982 -0.000000 0.000000 0.000000 0.000000 1.000000
15 0.995309 -0.092746 -0.027544 -7.489388 0.092672 0.995689 -0.003955 0.000000 0.027792 0.001384 0.999613 0.000000 0.000000 0.000000 0.000000 1.000000
13 0.822750 -0.390494 0.413034 -17.507765 0.428067 0.903745 0.001729 -0.477745 -0.373953 0.175383 0.910714 -10.003080 0.000000 0.000000 0.000000 1.000000
12 0.877214 -0.480049 0.006991 -7.044222 0.480049 0.877240 0.001788 0.000000 -0.006991 0.001788 0.999974 -0.000000 0.000000 0.000000 0.000000 1.000000
11 0.961598 -0.274432 0.003997 -7.078903 0.274432 0.961606 0.000559 0.000000 -0.003997 0.000559 0.999992 -0.000000 0.000000 0.000000 0.000000 1.000000
9 0.983743 -0.081892 0.159822 13.655973 -0.004800 0.877661 0.479258 -7.135242 -0.179517 -0.472234 0.863000 0.129696 0.000000 0.000000 0.000000 1.000000
8 0.996561 0.009517 -0.082309 0.000027 -0.074178 0.545098 -0.835084 -35.919125 0.036919 0.838318 0.543930 1.481440 0.000000 0.000000 0.000000 1.000000
7 0.999557 0.029755 0.001185 0.000000 -0.029736 0.999458 -0.014144 -34.307396 -0.001605 0.014102 0.999899 -2.646744 0.000000 0.000000 0.000000 1.000000
6 0.997173 -0.073725 -0.014529 0.000000 0.074374 0.940749 0.330848 -15.193100 -0.010724 -0.330993 0.943572 14.911814 0.000000 0.000000 0.000000 1.000000
4 0.991367 -0.028111 -0.128071 -13.655973 0.054411 0.976877 0.206762 -7.135242 0.119297 -0.211945 0.969973 0.129696 0.000000 0.000000 0.000000 1.000000
3 0.996617 0.067328 0.047131 -0.000027 -0.046666 0.935650 -0.349830 -35.919125 -0.067651 0.346448 0.935627 1.481440 0.000000 0.000000 0.000000 1.000000
2 0.999994 -0.003535 -0.000015 -0.000000 0.003470 0.980844 0.194762 -34.307396 -0.000674 -0.194761 0.980851 -2.646744 0.000000 0.000000 0.000000 1.000000
1 1.000000 0.000000 0.000000 -0.000000 -0.000000 0.996237 0.086665 -15.193100 -0.000000 -0.086665 0.996237 14.911814 0.000000 0.000000 0.000000 1.000000
time 1
35 0.999688 -0.006018 0.024245 0.197385 0.007087 0.998995 -0.044249 91.504646 -0.023954 0.044407 0.998726 -0.380020 0.000000 0.000000 0.000000 1.000000
34 0.999939 0.009087 -0.006316 -0.000000 -0.009677 0.994877 -0.100629 10.763858 0.005369 0.100684 0.994904 1.243517 0.000000 0.000000 0.000000 1.000000
33 0.999414 -0.011801 -0.032122 -0.018927 0.010546 0.999185 -0.038965 13.061344 0.032556 0.038603 0.998724 0.227481 0.000000 0.000000 0.000000 1.000000
32 0.999418 -0.013431 -0.031365 -0.021630 0.012214 0.999177 -0.038669 12.988213 0.031859 0.038263 0.998760 -0.916687 0.000000 0.000000 0.000000 1.000000
31 0.999438 0.006365 0.032913 -0.011927 -0.006617 0.999950 0.007551 24.670660 -0.032863 -0.007765 0.999430 2.028101 0.000000 0.000000 0.000000 1.000000
30 0.999442 0.005482 0.032961 -0.000000 -0.005732 0.999955 0.007507 8.817325 -0.032918 -0.007692 0.999428 6.102616 0.000000 0.000000 0.000000 1.000000
29 0.959591 0.242627 -0.142539 9.553568 -0.246091 0.969222 -0.006923 16.065386 0.136472 0.041721 0.989765 -5.227832 0.000000 0.000000 0.000000 1.000000
28 0.455573 0.804115 -0.381906 17.892990 -0.888360 0.438228 -0.137015 2.066080 0.057186 0.401690 0.913989 -0.922929 0.000000 0.000000 0.000000 1.000000
27 0.990568 0.000018 -0.137018 26.374767 -0.000018 1.000000 0.000001 -0.000102 0.137018 0.000001 0.990568 -1.459064 0.000000 0.000000 0.000000 1.000000
25 0.960904 -0.265792 0.077581 -9.553568 0.267285 0.963572 -0.009362 16.065386 -0.072267 0.029733 0.996942 -5.227832 0.000000 0.000000 0.000000 1.000000
24 0.553239 -0.634829 0.539368 -17.811876 0.751392 0.659830 0.005896 2.066080 -0.359635 0.402015 0.842049 -0.922929 0.000000 0.000000 0.000000 1.000000
23 0.921643 -0.000018 0.388038 -26.374767 0.000018 1.000000 0.000002 -0.000102 -0.388038 0.000005 0.921643 -1.459064 0.000000 0.000000 0.000000 1.000000
22 0.875109 -0.213923 -0.434076 -26.753433 0.166943 0.975375 -0.144128 0.000357 0.454219 0.053662 0.889272 0.000016 0.000000 0.000000 0.000000 1.000000
21 0.987139 0.139655 0.077806 -2.492348 -0.132033 0.986609 -0.095756 -4.446348 -0.090137 0.084252 0.992359 6.163476 0.000000 0.000000 0.000000 1.000000
20 0.992141 0.065062 -0.106879 -6.602643 -0.066655 0.997711 -0.011399 -4.314004 0.105893 0.018434 0.994207 6.890449 0.000000 0.000000 0.000000 1.000000
19 0.985451 0.075660 0.152188 -6.784767 -0.114292 0.957748 0.263924 -2.966900 -0.125789 -0.277478 0.952461 4.170527 0.000000 0.000000 0.000000 1.000000
17 0.816164 -0.255217 0.518402 -18.447754 0.281784 0.959054 0.028521 1.479890 -0.504455 0.122800 0.854661 8.654249 0.000000 0.000000 0.000000 1.000000
16 0.914833 -0.403789 0.005881 -7.514380 0.403789 0.914851 0.001240 0.000000 -0.005881 0.001240 0.999982 -0.000000 0.000000 0.000000 0.000000 1.000000
15 0.995300 -0.092839 -0.027542 -7.489388 0.092765 0.995680 -0.003958 0.000000 0.027791 0.001384 0.999613 0.000000 0.000000 0.000000 0.000000 1.000000
13 0.819891 -0.393921 0.415457 -17.507765 0.431528 0.902092 0.003723 -0.477745 -0.376247 0.176229 0.909605 -10.003080 0.000000 0.000000 0.000000 1.000000
12 0.876756 -0.480885 0.007004 -7.044222 0.480885 0.876782 0.001795 0.000000 -0.007004 0.001795 0.999974 -0.000000 0.000000 0.000000 0.000000 1.000000
11 0.961354 -0.275288 0.004009 -7.078903 0.275288 0.961362 0.000563 0.000000 -0.004009 0.000563 0.999992 -0.000000 0.000000 0.000000 0.000000 1.000000
9 0.985141 -0.065741 0.158666 13.655973 -0.023685 0.863010 0.504631 -7.135242 -0.170105 -0.500891 0.848630 0.129696 0.000000 0.000000 0.000000 1.000000
8 0.998477 0.035564 -0.042186 0.000027 -0.054781 0.730374 -0.680847 -35.919125 0.006598 0.682121 0.731209 1.481440 0.000000 0.000000 0.000000 1.000000
7 0.998160 0.060554 0.003118 0.000000 -0.060534 0.998147 -0.006127 -34.307396 -0.003483 0.005927 0.999976 -2.646744 0.000000 0.000000 0.000000 1.000000
6 0.997813 -0.066070 -0.001939 0.000000 0.065687 0.987911 0.140415 -15.193100 -0.007362 -0.140235 0.990091 14.911814 0.000000 0.000000 0.000000 1.000000
4 0.989492 -0.034916 -0.140312 -13.655973 0.048549 0.994298 0.094947 -7.135242 0.136196 -0.100761 0.985544 0.129696 0.000000 0.000000 0.000000 1.000000
3 0.994374 0.076698 0.073057 -0.000027 -0.056345 0.967039 -0.248316 -35.919125 -0.089694 0.242803 0.965920 1.481440 0.000000 0.000000 0.000000 1.000000
2 0.999933 -0.011473 -0.001266 -0.000000 0.011467 0.974842 0.222601 -34.307396 -0.001319 -0.222601 0.974909 -2.646744 0.000000 0.000000 0.000000 1.000000
1 1.000000 -0.000000 -0.000000 -0.000000 0.000000 0.996678 0.081445 -15.193100 0.000000 -0.081445 0.996678 14.911814 0.000000 0.000000 0.000000 1.000000
time 2
35 0.999907 -0.002174 0.013427 0.397237 0.002916 0.998454 -0.055515 91.412674 -0.013286 0.055549 0.998368 -0.595501 0.000000 0.000000 0.000000 1.000000
34 0.999938 -0.000210 0.011127 -0.000000 0.001244 0.995664 -0.093014 10.763858 -0.011059 0.093022 0.995603 1.243517 0.000000 0.000000 0.000000 1.000000
33 0.999764 0.000591 -0.021709 -0.018927 -0.001354 0.999382 -0.035128 13.061344 0.021675 0.035150 0.999147 0.227481 0.000000 0.000000 0.000000 1.000000
32 0.999776 -0.000779 -0.021149 -0.021630 0.000041 0.999393 -0.034841 12.988213 0.021164 0.034833 0.999169 -0.916687 0.000000 0.000000 0.000000 1.000000
31 0.999623 0.004337 0.027098 -0.011927 -0.004586 0.999948 0.009156 24.670660 -0.027057 -0.009277 0.999591 2.028101 0.000000 0.000000 0.000000 1.000000
30 0.999618 0.004298 0.027311 -0.000000 -0.004546 0.999949 0.009022 8.817325 -0.027271 -0.009143 0.999586 6.102616 0.000000 0.000000 0.000000 1.000000
29 0.962130 0.241226 -0.126947 9.553568 -0.244133 0.969712 -0.007624 16.065386 0.121263 0.038328 0.991880 -5.227832 0.000000 0.000000 0.000000 1.000000
28 0.441719 0.837184 -0.322501 17.892990 -0.896983 0.405117 -0.176922 2.066080 -0.017466 0.367428 0.929888 -0.922929 0.000000 0.000000 0.000000 1.000000
27 0.990819 0.000018 -0.135192 26.374767 -0.000018 1.000000 0.000001 -0.000102 0.135192 0.000001 0.990819 -1.459064 0.000000 0.000000 0.000000 1.000000
25 0.963842 -0.253067 0.083461 -9.553568 0.254688 0.966979 -0.009213 16.065386 -0.078373 0.030136 0.996468 -5.227832 0.000000 0.000000 0.000000 1.000000
24 0.566712 -0.599648 0.565031 -17.811876 0.723761 0.690021 0.006381 2.066080 -0.393710 0.405331 0.825045 -0.922929 0.000000 0.000000 0.000000 1.000000
23 0.889826 -0.000017 0.456301 -26.374767 0.000018 1.000000 0.000002 -0.000102 -0.456301 0.000006 0.889826 -1.459064 0.000000 0.000000 0.000000 1.000000
22 0.844087 -0.255865 -0.471222 -26.753433 0.194094 0.965010 -0.176307 0.000357 0.499844 0.057357 0.864214 0.000016 0.000000 0.000000 0.000000 1.000000
21 0.987139 0.139655 0.077806 -2.492348 -0.132033 0.986609 -0.095757 -4.446348 -0.090137 0.084252 0.992359 6.163476 0.000000 0.000000 0.000000 1.000000
20 0.994086 0.061545 -0.089477 -6.602643 -0.063540 0.997786 -0.019626 -4.314004 0.088071 0.025195 0.995795 6.890449 0.000000 0.000000 0.000000 1.000000
19 0.985260 0.075626 0.153439 -6.784767 -0.114618 0.957700 0.263958 -2.966900 -0.126986 -0.277654 0.952251 4.170527 0.000000 0.000000 0.000000 1.000000
17 0.808180 -0.275965 0.520277 -18.447754 0.303935 0.952124 0.032902 1.479890 -0.504448 0.131540 0.853363 8.654249 0.000000 0.000000 0.000000 1.000000
16 0.915396 -0.402513 0.005862 -7.514380 0.402513 0.915414 0.001232 0.000000 -0.005862 0.001232 0.999982 -0.000000 0.000000 0.000000 0.000000 1.000000
15 0.995428 -0.091451 -0.027568 -7.489388 0.091377 0.995809 -0.003919 0.000000 0.027811 0.001382 0.999612 -0.000000 0.000000 0.000000 0.000000 1.000000
13 0.808732 -0.405784 0.425784 -17.507765 0.443188 0.896342 0.012451 -0.477745 -0.386701 0.178633 0.904739 -10.003080 0.000000 0.000000 0.000000 1.000000
12 0.876614 -0.481143 0.007007 -7.044222 0.481143 0.876640 0.001796 0.000000 -0.007007 0.001797 0.999974 -0.000000 0.000000 0.000000 0.000000 1.000000
11 0.961353 -0.275290 0.004009 -7.078903 0.275290 0.961361 0.000563 0.000000 -0.004009 0.000563 0.999992 -0.000000 0.000000 0.000000 0.000000 1.000000
9 0.987755 -0.047369 0.148649 13.655973 -0.032357 0.869878 0.492205 -7.135242 -0.152622 -0.490988 0.857693 0.129696 0.000000 0.000000 0.000000 1.000000
8 0.998924 0.044293 0.013764 0.000027 -0.035025 0.914890 -0.402181 -35.919125 -0.030406 0.401266 0.915457 1.481440 0.000000 0.000000 0.000000 1.000000
7 0.996839 0.079416 0.002454 0.000000 -0.079198 0.995637 -0.049347 -34.307396 -0.006362 0.048996 0.998779 -2.646744 0.000000 0.000000 0.000000 1.000000
6 1.000000 -0.000000 0.000000 0.000000 0.000000 0.995601 0.093697 -15.193100 -0.000000 -0.093697 0.995601 14.911814 0.000000 0.000000 0.000000 1.000000
4 0.985077 -0.040101 -0.167380 -13.655973 0.041073 0.999153 0.002351 -7.135242 0.167144 -0.009191 0.985890 0.129696 0.000000 0.000000 0.000000 1.000000
3 0.991345 0.070964 0.110453 -0.000027 -0.050532 0.982757 -0.177862 -35.919125 -0.121171 0.170741 0.977837 1.481440 0.000000 0.000000 0.000000 1.000000
2 0.999993 0.003441 0.001216 -0.000000 -0.003636 0.967699 0.252081 -34.307396 -0.000309 -0.252084 0.967705 -2.646744 0.000000 0.000000 0.000000 1.000000
1 1.000000 0.000000 -0.000000 -0.000000 -0.000000 0.996935 0.078232 -15.193100 0.000000 -0.078232 0.996935 14.911814 0.000000 0.000000 0.000000 1.000000
time 3
35 0.999791 0.019293 -0.006763 0.720822 -0.019683 0.997799 -0.063322 90.403679 0.005527 0.063442 0.997970 -0.773314 0.000000 0.000000 0.000000 1.000000
34 0.998612 -0.035810 0.038617 -0.000000 0.038936 0.995747 -0.083495 10.763858 -0.035462 0.084883 0.995760 1.243517 0.000000 0.000000 0.000000 1.000000
33 0.999771 0.018103 -0.011382 -0.018927 -0.018481 0.999250 -0.034039 13.061344 0.010758 0.034241 0.999356 0.227481 0.000000 0.000000 0.000000 1.000000
32 0.999792 0.017009 -0.011258 -0.021630 -0.017376 0.999292 -0.033378 12.988213 0.010682 0.033567 0.999379 -0.916687 0.000000 0.000000 0.000000 1.000000
31 0.999795 -0.005905 0.019354 -0.011927 0.005693 0.999924 0.010969 24.670660 -0.019417 -0.010856 0.999753 2.028101 0.000000 0.000000 0.000000 1.000000
30 0.999793 -0.003075 0.020118 -0.000000 0.002862 0.999940 0.010592 8.817325 -0.020150 -0.010532 0.999741 6.102616 0.000000 0.000000 0.000000 1.000000
29 0.963790 0.238895 -0.118486 9.553568 -0.241513 0.970364 -0.008038 16.065386 0.113054 0.036363 0.992923 -5.227832 0.000000 0.000000 0.000000 1.000000
28 0.421513 0.867529 -0.264048 17.892990 -0.902857 0.374283 -0.211568 2.066080 -0.084713 0.327576 0.941020 -0.922929 0.000000 0.000000 0.000000 1.000000
27 0.991930 0.000019 -0.126790 26.374767 -0.000019 1.000000 0.000001 -0.000102 0.126790 0.000001 0.991930 -1.459064 0.000000 0.000000 0.000000 1.000000
25 0.966777 -0.238783 0.091241 -9.553568 0.240582 0.970586 -0.009090 16.065386 -0.086386 0.030739 0.995787 -5.227832 0.000000 0.000000 0.000000 1.000000
24 0.584232 -0.561497 0.585998 -17.811876 0.687527 0.726086 0.010273 2.066080 -0.431254 0.396887 0.810247 -0.922929 0.000000 0.000000 0.000000 1.000000
23 0.865655 -0.000017 0.500642 -26.374767 0.000018 1.000000 0.000002 -0.000102 -0.500642 0.000007 0.865655 -1.459064 0.000000 0.000000 0.000000 1.000000
22 0.838775 -0.282964 -0.465175 -26.753433 0.212184 0.956681 -0.199348 0.000357 0.501432 0.068506 0.862481 0.000016 0.000000 0.000000 0.000000 1.000000
21 0.987139 0.139655 0.077806 -2.492348 -0.132033 0.986609 -0.095756 -4.446348 -0.090137 0.084252 0.992359 6.163476 0.000000 0.000000 0.000000 1.000000
20 0.996537 0.057464 -0.060103 -6.602643 -0.059206 0.997864 -0.027613 -4.314004 0.058387 0.031075 0.997810 6.890449 0.000000 0.000000 0.000000 1.000000
19 0.985012 0.075582 0.155042 -6.784767 -0.115035 0.957639 0.263999 -2.966900 -0.128521 -0.277877 0.951980 4.170527 0.000000 0.000000 0.000000 1.000000
17 0.799948 -0.295323 0.522367 -18.447754 0.324558 0.945130 0.037309 1.479890 -0.504723 0.139693 0.851904 8.654249 0.000000 0.000000 0.000000 1.000000
16 0.915257 -0.402828 0.005867 -7.514380 0.402828 0.915275 0.001234 0.000000 -0.005867 0.001234 0.999982 -0.000000 0.000000 0.000000 0.000000 1.000000
15 0.995397 -0.091794 -0.027561 -7.489388 0.091720 0.995777 -0.003929 0.000000 0.027806 0.001383 0.999612 0.000000 0.000000 0.000000 0.000000 1.000000
13 0.796963 -0.416873 0.437111 -17.507765 0.453668 0.890887 0.022488 -0.477745 -0.398791 0.180382 0.899126 -10.003080 0.000000 0.000000 0.000000 1.000000
12 0.876434 -0.481471 0.007012 -7.044222 0.481471 0.876460 0.001799 0.000000 -0.007012 0.001799 0.999974 -0.000000 0.000000 0.000000 0.000000 1.000000
11 0.961352 -0.275293 0.004010 -7.078903 0.275293 0.961360 0.000563 0.000000 -0.004010 0.000563 0.999992 0.000000 0.000000 0.000000 0.000000 1.000000
9 0.991124 -0.058686 0.119288 13.655973 -0.016071 0.837821 0.545709 -7.135242 -0.131968 -0.542782 0.829441 0.129696 0.000000 0.000000 0.000000 1.000000
8 0.998375 0.019795 0.053435 0.000027 -0.006846 0.972598 -0.232390 -35.919125 -0.056571 0.231647 0.971154 1.481440 0.000000 0.000000 0.000000 1.000000
7 0.993802 0.111106 0.003668 0.000000 -0.110879 0.993063 -0.039140 -34.307396 -0.007991 0.038490 0.999227 -2.646744 0.000000 0.000000 0.000000 1.000000
6 1.000000 0.000000 -0.000000 0.000000 -0.000000 0.994772 0.102117 -15.193100 0.000000 -0.102117 0.994772 14.911814 0.000000 0.000000 0.000000 1.000000
4 0.979421 -0.045307 -0.196675 -13.655973 0.036310 0.998133 -0.049113 -7.135242 0.198533 0.040961 0.979238 0.129696 0.000000 0.000000 0.000000 1.000000
3 0.992860 0.055550 0.105561 -0.000027 -0.034342 0.980593 -0.193021 -35.919125 -0.114235 0.188017 0.975500 1.481440 0.000000 0.000000 0.000000 1.000000
2 0.998628 -0.000995 0.052362 -0.000000 -0.015025 0.952345 0.304652 -34.307396 -0.050170 -0.305021 0.951023 -2.646744 0.000000 0.000000 0.000000 1.000000
1 1.000000 -0.000000 -0.000000 -0.000000 0.000000 0.996856 0.079234 -15.193100 0.000000 -0.079234 0.996856 14.911814 0.000000 0.000000 0.000000 1.000000
time 4
35 0.998533 0.042343 -0.033739 1.051708 -0.044502 0.996824 -0.066042 88.737015 0.030835 0.067447 0.997246 -0.740522 0.000000 0.000000 0.000000 1.000000
34 0.995904 -0.065650 0.062168 -0.000000 0.070057 0.994972 -0.071571 10.763858 -0.057157 0.075633 0.995496 1.243517 0.000000 0.000000 0.000000 1.000000
33 0.999523 0.030890 0.000516 -0.018927 -0.030853 0.998911 -0.034993 13.061344 -0.001597 0.034961 0.999387 0.227481 0.000000 0.000000 0.000000 1.000000
32 0.999544 0.030189 0.000256 -0.021630 -0.030163 0.998976 -0.033708 12.988213 -0.001273 0.033685 0.999432 -0.916687 0.000000 0.000000 0.000000 1.000000
31 0.999797 -0.016764 0.011221 -0.011927 0.016649 0.999808 0.010325 24.670660 -0.011392 -0.010137 0.999884 2.028101 0.000000 0.000000 0.000000 1.000000
30 0.999854 -0.011781 0.012356 -0.000000 0.011653 0.999878 0.010374 8.817325 -0.012476 -0.010228 0.999870 6.102616 0.000000 0.000000 0.000000 1.000000
29 0.966903 0.231180 -0.107960 9.553568 -0.233442 0.972332 -0.008639 16.065386 0.102976 0.033555 0.994118 -5.227832 0.000000 0.000000 0.000000 1.000000
28 0.397106 0.893461 -0.209845 17.892990 -0.906502 0.346115 -0.241784 2.066080 -0.143394 0.286239 0.947368 -0.922929 0.000000 0.000000 0.000000 1.000000
27 0.993619 0.000019 -0.112785 26.374767 -0.000019 1.000000 0.000001 -0.000102 0.112785 0.000001 0.993619 -1.459064 0.000000 0.000000 0.000000 1.000000
25 0.965942 -0.235130 0.108030 -9.553568 0.237407 0.971373 -0.008538 16.065386 -0.102929 0.033894 0.994111 -5.227832 0.000000 0.000000 0.000000 1.000000
24 0.607725 -0.510718 0.608143 -17.811876 0.640180 0.768206 0.005399 2.066080 -0.469936 0.386040 0.793809 -0.922929 0.000000 0.000000 0.000000 1.000000
23 0.854588 -0.000017 0.519307 -26.374767 0.000018 1.000000 0.000002 -0.000102 -0.519307 0.000007 0.854588 -1.459064 0.000000 0.000000 0.000000 1.000000
22 0.854479 -0.270513 -0.443496 -26.753433 0.204583 0.959961 -0.191366 0.000357 0.477506 0.072787 0.875608 0.000016 0.000000 0.000000 0.000000 1.000000
21 0.987139 0.139655 0.077806 -2.492348 -0.132033 0.986609 -0.095756 -4.446348 -0.090137 0.084252 0.992359 6.163476 0.000000 0.000000 0.000000 1.000000
20 0.997488 0.054303 -0.045476 -6.602643 -0.055663 0.998023 -0.029186 -4.314004 0.043801 0.031644 0.998539 6.890449 0.000000 0.000000 0.000000 1.000000
19 0.984861 0.075555 0.156015 -6.784767 -0.115288 0.957601 0.264023 -2.966900 -0.129452 -0.278013 0.951815 4.170527 0.000000 0.000000 0.000000 1.000000
17 0.795847 -0.304242 0.523511 -18.447754 0.334038 0.941732 0.039485 1.479890 -0.505020 0.143448 0.851103 8.654249 0.000000 0.000000 0.000000 1.000000
16 0.915547 -0.402168 0.005857 -7.514380 0.402168 0.915565 0.001230 0.000000 -0.005857 0.001230 0.999982 -0.000000 0.000000 0.000000 0.000000 1.000000
15 0.995462 -0.091076 -0.027575 -7.489388 0.091002 0.995843 -0.003909 0.000000 0.027816 0.001382 0.999612 0.000000 0.000000 0.000000 0.000000 1.000000
13 0.792126 -0.419490 0.443357 -17.507765 0.455568 0.889763 0.027922 -0.477745 -0.406196 0.179862 0.895910 -10.003080 0.000000 0.000000 0.000000 1.000000
12 0.876325 -0.481669 0.007015 -7.044222 0.481669 0.876352 0.001800 0.000000 -0.007015 0.001801 0.999974 -0.000000 0.000000 0.000000 0.000000 1.000000
11 0.961352 -0.275294 0.004009 -7.078903 0.275294 0.961360 0.000563 0.000000 -0.004009 0.000563 0.999992 0.000000 0.000000 0.000000 0.000000 1.000000
9 0.994426 -0.070931 0.078010 13.655973 0.007309 0.784475 0.620118 -7.135242 -0.105182 -0.616091 0.780620 0.129696 0.000000 0.000000 0.000000 1.000000
8 0.996869 -0.040174 0.068101 0.000027 0.051007 0.984864 -0.165654 -35.919125 -0.060415 0.168609 0.983830 1.481440 0.000000 0.000000 0.000000 1.000000
7 0.992054 0.125501 0.008894 0.000000 -0.125791 0.990787 0.050171 -34.307396 -0.002515 -0.050891 0.998701 -2.646744 0.000000 0.000000 0.000000 1.000000
6 1.000000 -0.000000 -0.000000 0.000000 0.000000 0.991025 0.133680 -15.193100 0.000000 -0.133680 0.991025 14.911814 0.000000 0.000000 0.000000 1.000000
4 0.975583 -0.048596 -0.214189 -13.655973 0.026901 0.994311 -0.103062 -7.135242 0.217979 0.094784 0.971340 0.129696 0.000000 0.000000 0.000000 1.000000
3 0.997259 0.045546 0.058302 -0.000027 -0.031861 0.975613 -0.217173 -35.919125 -0.066771 0.214720 0.974390 1.481440 0.000000 0.000000 0.000000 1.000000
2 0.990091 -0.029459 0.137300 -0.000000 -0.021988 0.933166 0.358772 -34.307396 -0.138693 -0.358236 0.923272 -2.646744 0.000000 0.000000 0.000000 1.000000
1 1.000000 0.000000 -0.000000 -0.000000 -0.000000 0.996148 0.087691 -15.193100 0.000000 -0.087691 0.996148 14.911814 0.000000 0.000000 0.000000 1.000000
time 5
35 0.997232 0.051467 -0.053668 1.348384 -0.055115 0.996103 -0.068854 86.932198 0.049916 0.071621 0.996182 -0.685916 0.000000 0.000000 0.000000 1.000000
34 0.995248 -0.069070 0.068634 -0.000000 0.073370 0.995361 -0.062235 10.763858 -0.064017 0.066975 0.995699 1.243517 0.000000 0.000000 0.000000 1.000000
33 0.999336 0.033079 0.015279 -0.018927 -0.032528 0.998857 -0.035021 13.061344 -0.016420 0.034501 0.999270 0.227481 0.000000 0.000000 0.000000 1.000000
32 0.999353 0.032757 0.014879 -0.021630 -0.032242 0.998914 -0.033624 12.988213 -0.015964 0.033122 0.999324 -0.916687 0.000000 0.000000 0.000000 1.000000
31 0.999785 -0.020307 0.004140 -0.011927 0.020264 0.999743 0.010132 24.670660 -0.004345 -0.010046 0.999940 2.028101 0.000000 0.000000 0.000000 1.000000
30 0.999879 -0.014631 0.005365 -0.000000 0.014573 0.999838 0.010572 8.817325 -0.005519 -0.010493 0.999930 6.102616 0.000000 0.000000 0.000000 1.000000
29 0.970149 0.224362 -0.092044 9.553568 -0.226146 0.974049 -0.009297 16.065386 0.087569 0.029835 0.995712 -5.227832 0.000000 0.000000 0.000000 1.000000
28 0.377863 0.909625 -0.172632 17.892990 -0.908719 0.328648 -0.257334 2.066080 -0.177342 0.254111 0.950777 -0.922929 0.000000 0.000000 0.000000 1.000000
27 0.996433 0.000018 -0.084387 26.374767 -0.000018 1.000000 0.000001 -0.000102 0.084387 0.000001 0.996433 -1.459064 0.000000 0.000000 0.000000 1.000000
25 0.962991 -0.236363 0.129540 -9.553568 0.239340 0.970905 -0.007694 16.065386 -0.123952 0.038413 0.991544 -5.227832 0.000000 0.000000 0.000000 1.000000
24 0.631956 -0.459507 0.624087 -17.811876 0.592219 0.805752 -0.006421 2.066080 -0.499908 0.373654 0.781329 -0.922929 0.000000 0.000000 0.000000 1.000000
23 0.852615 -0.000016 0.522539 -26.374767 0.000018 1.000000 0.000002 -0.000102 -0.522539 0.000007 0.852615 -1.459064 0.000000 0.000000 0.000000 1.000000
22 0.867928 -0.242349 -0.433552 -26.753433 0.181598 0.967284 -0.177156 0.000357 0.462301 0.075027 0.883543 0.000016 0.000000 0.000000 0.000000 1.000000
21 0.987139 0.139655 0.077806 -2.492348 -0.132033 0.986609 -0.095756 -4.446348 -0.090137 0.084252 0.992359 6.163476 0.000000 0.000000 0.000000 1.000000
20 0.996931 0.052445 -0.058115 -6.602643 -0.054473 0.997940 -0.033878 -4.314004 0.056218 0.036940 0.997735 6.890449 0.000000 0.000000 0.000000 1.000000
19 0.984784 0.075541 0.156507 -6.784767 -0.115417 0.957583 0.264035 -2.966900 -0.129923 -0.278081 0.951731 4.170527 0.000000 0.000000 0.000000 1.000000
17 0.794722 -0.307975 0.523038 -18.447754 0.338053 0.940276 0.040003 1.479890 -0.504121 0.145023 0.851370 8.654249 0.000000 0.000000 0.000000 1.000000
16 0.915843 -0.401493 0.005847 -7.514380 0.401493 0.915861 0.001225 0.000000 -0.005847 0.001225 0.999982 -0.000000 0.000000 0.000000 0.000000 1.000000
15 0.995529 -0.090342 -0.027588 -7.489388 0.090269 0.995910 -0.003889 0.000000 0.027827 0.001381 0.999612 -0.000000 0.000000 0.000000 0.000000 1.000000
13 0.791916 -0.417614 0.445497 -17.507765 0.453216 0.890912 0.029513 -0.477745 -0.409223 0.178535 0.894797 -10.003080 0.000000 0.000000 0.000000 1.000000
12 0.876288 -0.481737 0.007016 -7.044222 0.481737 0.876314 0.001801 0.000000 -0.007016 0.001801 0.999974 -0.000000 0.000000 0.000000 0.000000 1.000000
11 0.961351 -0.275295 0.004009 -7.078903 0.275295 0.961360 0.000563 0.000000 -0.004010 0.000563 0.999992 0.000000 0.000000 0.000000 0.000000 1.000000
9 0.995758 -0.074786 0.053601 13.655973 0.018145 0.730717 0.682439 -7.135242 -0.090204 -0.678572 0.728974 0.129696 0.000000 0.000000 0.000000 1.000000
8 0.995342 -0.072663 0.063357 0.000027 0.083087 0.979873 -0.181507 -35.919125 -0.048893 0.185926 0.981347 1.481440 0.000000 0.000000 0.000000 1.000000
7 0.994824 0.100031 0.017848 0.000000 -0.101610 0.978651 0.178657 -34.307396 0.000404 -0.179546 0.983750 -2.646744 0.000000 0.000000 0.000000 1.000000
6 1.000000 0.000000 0.000000 0.000000 -0.000000 0.990029 0.140863 -15.193100 -0.000000 -0.140863 0.990029 14.911814 0.000000 0.000000 0.000000 1.000000
4 0.973889 -0.042614 -0.222991 -13.655973 0.005334 0.986249 -0.165179 -7.135242 0.226964 0.159676 0.960724 0.129696 0.000000 0.000000 0.000000 1.000000
3 0.998613 0.045876 0.025819 -0.000027 -0.038782 0.972775 -0.228482 -35.919125 -0.035598 0.227164 0.973206 1.481440 0.000000 0.000000 0.000000 1.000000
2 0.979894 -0.067310 0.187822 -0.000000 -0.019032 0.905549 0.423815 -34.307396 -0.198609 -0.418868 0.886061 -2.646744 0.000000 0.000000 0.000000 1.000000
1 1.000000 -0.000000 0.000000 -0.000000 -0.000000 0.994528 0.104471 -15.193100 -0.000000 -0.104471 0.994528 14.911814 0.000000 0.000000 0.000000 1.000000
time 6
35 0.996664 0.049815 -0.064646 1.641671 -0.054268 0.996135 -0.069063 85.554802 0.060956 0.072341 0.995516 -0.826003 0.000000 0.000000 0.000000 1.000000
34 0.995720 -0.055651 0.073784 -0.000000 0.060275 0.996255 -0.061994 10.763858 -0.070058 0.066176 0.995346 1.243517 0.000000 0.000000 0.000000 1.000000
33 0.999084 0.030720 0.029802 -0.018927 -0.029658 0.998931 -0.035444 13.061344 -0.030859 0.034528 0.998927 0.227481 0.000000 0.000000 0.000000 1.000000
32 0.999094 0.030832 0.029330 -0.021630 -0.029818 0.998963 -0.034405 12.988213 -0.030360 0.033499 0.998978 -0.916687 0.000000 0.000000 0.000000 1.000000
31 0.999829 -0.018360 -0.002006 -0.011927 0.018384 0.999748 0.012906 24.670660 0.001769 -0.012941 0.999915 2.028101 0.000000 0.000000 0.000000 1.000000
30 0.999919 -0.012706 -0.000825 -0.000000 0.012716 0.999830 0.013384 8.817325 0.000655 -0.013394 0.999910 6.102616 0.000000 0.000000 0.000000 1.000000
29 0.970311 0.226690 -0.084307 9.553568 -0.228272 0.973551 -0.009504 16.065386 0.079923 0.028466 0.996395 -5.227832 0.000000 0.000000 0.000000 1.000000
28 0.375881 0.913974 -0.152853 17.892990 -0.909530 0.332301 -0.249661 2.066080 -0.177391 0.232867 0.956193 -0.922929 0.000000 0.000000 0.000000 1.000000
27 0.999062 0.000019 -0.043313 26.374767 -0.000019 1.000000 0.000001 -0.000102 0.043313 -0.000000 0.999062 -1.459064 0.000000 0.000000 0.000000 1.000000
25 0.962952 -0.230253 0.140383 -9.553568 0.233587 0.972307 -0.007530 16.065386 -0.134761 0.040043 0.990069 -5.227832 0.000000 0.000000 0.000000 1.000000
24 0.644019 -0.440627 0.625370 -17.811876 0.565827 0.824522 -0.001754 2.066080 -0.514858 0.354980 0.780327 -0.922929 0.000000 0.000000 0.000000 1.000000
23 0.863214 -0.000017 0.504839 -26.374767 0.000018 1.000000 0.000002 -0.000102 -0.504839 0.000007 0.863214 -1.459064 0.000000 0.000000 0.000000 1.000000
22 0.888486 -0.202113 -0.411999 -26.753433 0.143964 0.975226 -0.167951 0.000357 0.435737 0.089909 0.895572 0.000016 0.000000 0.000000 0.000000 1.000000
21 0.987139 0.139655 0.077806 -2.492348 -0.132033 0.986609 -0.095756 -4.446348 -0.090137 0.084252 0.992359 6.163476 0.000000 0.000000 0.000000 1.000000
20 0.996440 0.051186 -0.066986 -6.602643 -0.053739 0.997874 -0.036877 -4.314004 0.064956 0.040345 0.997072 6.890449 0.000000 0.000000 0.000000 1.000000
19 0.984761 0.075537 0.156654 -6.784767 -0.115455 0.957577 0.264039 -2.966900 -0.130064 -0.278102 0.951705 4.170527 0.000000 0.000000 0.000000 1.000000
17 0.793978 -0.309528 0.523251 -18.447754 0.339703 0.939665 0.040395 1.479890 -0.504184 0.145677 0.851221 8.654249 0.000000 0.000000 0.000000 1.000000
16 0.915293 -0.402746 0.005866 -7.514380 0.402746 0.915311 0.001233 0.000000 -0.005866 0.001233 0.999982 -0.000000 0.000000 0.000000 0.000000 1.000000
15 0.995405 -0.091705 -0.027563 -7.489388 0.091631 0.995785 -0.003926 0.000000 0.027807 0.001383 0.999612 0.000000 0.000000 0.000000 0.000000 1.000000
13 0.791693 -0.417157 0.446321 -17.507765 0.452595 0.891206 0.030150 -0.477745 -0.410342 0.178133 0.894365 -10.003080 0.000000 0.000000 0.000000 1.000000
12 0.876334 -0.481654 0.007015 -7.044222 0.481654 0.876360 0.001801 0.000000 -0.007015 0.001801 0.999974 -0.000000 0.000000 0.000000 0.000000 1.000000
11 0.961386 -0.275175 0.004008 -7.078903 0.275175 0.961394 0.000562 0.000000 -0.004008 0.000562 0.999992 -0.000000 0.000000 0.000000 0.000000 1.000000
9 0.994043 -0.083173 0.070432 13.655973 0.011391 0.721984 0.691816 -7.135242 -0.108391 -0.686893 0.718630 0.129696 0.000000 0.000000 0.000000 1.000000
8 0.997719 -0.055986 0.037709 0.000027 0.062099 0.980279 -0.187611 -35.919125 -0.026461 0.189524 0.981519 1.481440 0.000000 0.000000 0.000000 1.000000
7 0.995221 0.096867 0.012291 0.000000 -0.097619 0.984191 0.147777 -34.307396 0.002218 -0.148270 0.988944 -2.646744 0.000000 0.000000 0.000000 1.000000
6 1.000000 -0.000000 0.000000 0.000000 0.000000 0.989861 0.142042 -15.193100 -0.000000 -0.142042 0.989861 14.911814 0.000000 0.000000 0.000000 1.000000
4 0.972484 -0.032252 -0.230725 -13.655973 -0.022027 0.973205 -0.228881 -7.135242 0.231925 0.227666 0.945716 0.129696 0.000000 0.000000 0.000000 1.000000
3 0.998275 0.057971 0.009347 -0.000027 -0.054418 0.973154 -0.223629 -35.919125 -0.022060 0.222735 0.974629 1.481440 0.000000 0.000000 0.000000 1.000000
2 0.971786 -0.106990 0.210204 -0.000000 -0.000624 0.890033 0.455895 -34.307396 -0.235865 -0.443164 0.864855 -2.646744 0.000000 0.000000 0.000000 1.000000
1 1.000000 0.000000 -0.000000 -0.000000 -0.000000 0.991269 0.131852 -15.193100 0.000000 -0.131852 0.991269 14.911814 0.000000 0.000000 0.000000 1.000000
time 7
35 0.997445 0.037675 -0.060694 1.977353 -0.040893 0.997774 -0.052680 84.589157 0.058574 0.055028 0.996765 -0.483023 0.000000 0.000000 0.000000 1.000000
34 0.996589 -0.028705 0.077367 -0.000000 0.034154 0.996959 -0.070048 10.763858 -0.075121 0.072451 0.994539 1.243517 0.000000 0.000000 0.000000 1.000000
33 0.998768 0.029010 0.040255 -0.018927 -0.027522 0.998935 -0.037021 13.061344 -0.041286 0.035867 0.998503 0.227481 0.000000 0.000000 0.000000 1.000000
32 0.998769 0.029660 0.039760 -0.021630 -0.028227 0.998949 -0.036122 12.988213 -0.040789 0.034955 0.998556 -0.916687 0.000000 0.000000 0.000000 1.000000
31 0.999886 -0.013393 -0.006956 -0.011927 0.013491 0.999807 0.014259 24.670660 0.006763 -0.014351 0.999874 2.028101 0.000000 0.000000 0.000000 1.000000
30 0.999943 -0.008833 -0.006023 -0.000000 0.008918 0.999859 0.014249 8.817325 0.005896 -0.014301 0.999880 6.102616 0.000000 0.000000 0.000000 1.000000
29 0.967728 0.234621 -0.091960 9.553568 -0.236429 0.971606 -0.009132 16.065386 0.087206 0.030579 0.995721 -5.227832 0.000000 0.000000 0.000000 1.000000
28 0.390991 0.908115 -0.149843 17.892990 -0.905353 0.350158 -0.240260 2.066080 -0.165715 0.229601 0.959074 -0.922929 0.000000 0.000000 0.000000 1.000000
27 0.999845 0.000019 -0.017617 26.374767 -0.000019 1.000000 0.000001 -0.000102 0.017617 -0.000000 0.999845 -1.459064 0.000000 0.000000 0.000000 1.000000
25 0.964942 -0.222945 0.138504 -9.553568 0.226183 0.974053 -0.007894 16.065386 -0.133150 0.038945 0.990330 -5.227832 0.000000 0.000000 0.000000 1.000000
24 0.646220 -0.458101 0.610363 -17.811876 0.573722 0.819018 0.007278 2.066080 -0.503232 0.345475 0.792089 -0.922929 0.000000 0.000000 0.000000 1.000000
23 0.879182 -0.000017 0.476486 -26.374767 0.000018 1.000000 0.000002 -0.000102 -0.476486 0.000007 0.879182 -1.459064 0.000000 0.000000 0.000000 1.000000
22 0.911497 -0.152280 -0.382078 -26.753433 0.096853 0.982282 -0.160440 0.000357 0.399740 0.109235 0.910097 0.000016 0.000000 0.000000 0.000000 1.000000
21 0.987139 0.139655 0.077806 -2.492348 -0.132033 0.986609 -0.095756 -4.446348 -0.090137 0.084252 0.992359 6.163476 0.000000 0.000000 0.000000 1.000000
20 0.995301 0.053279 -0.080854 -6.602643 -0.055841 0.997996 -0.029759 -4.314004 0.079106 0.034134 0.996282 6.890449 0.000000 0.000000 0.000000 1.000000
19 0.984865 0.075556 0.155989 -6.784767 -0.115282 0.957602 0.264022 -2.966900 -0.129427 -0.278009 0.951819 4.170527 0.000000 0.000000 0.000000 1.000000
17 0.800191 -0.294256 0.522598 -18.447754 0.323405 0.945529 0.037202 1.479890 -0.505078 0.139242 0.851767 8.654249 0.000000 0.000000 0.000000 1.000000
16 0.915285 -0.402764 0.005866 -7.514380 0.402764 0.915303 0.001233 0.000000 -0.005866 0.001234 0.999982 -0.000000 0.000000 0.000000 0.000000 1.000000
15 0.995403 -0.091724 -0.027562 -7.489388 0.091650 0.995784 -0.003927 0.000000 0.027806 0.001382 0.999612 0.000000 0.000000 0.000000 0.000000 1.000000
13 0.800521 -0.408581 0.438438 -17.507765 0.444526 0.895474 0.022857 -0.477745 -0.401948 0.176600 0.898471 -10.003080 0.000000 0.000000 0.000000 1.000000
12 0.875317 -0.483498 0.007042 -7.044222 0.483498 0.875343 0.001816 0.000000 -0.007042 0.001815 0.999974 -0.000000 0.000000 0.000000 0.000000 1.000000
11 0.960723 -0.277479 0.004041 -7.078903 0.277479 0.960731 0.000572 0.000000 -0.004041 0.000572 0.999992 0.000000 0.000000 0.000000 0.000000 1.000000
9 0.993854 -0.066049 0.088835 13.655973 -0.008478 0.754724 0.655988 -7.135242 -0.110373 -0.652710 0.749525 0.129696 0.000000 0.000000 0.000000 1.000000
8 0.999193 -0.034528 -0.020527 0.000027 0.030324 0.983512 -0.178283 -35.919125 0.026344 0.177517 0.983765 1.481440 0.000000 0.000000 0.000000 1.000000
7 0.997986 0.063402 0.001907 0.000000 -0.063233 0.996802 -0.048868 -34.307396 -0.004999 0.048649 0.998803 -2.646744 0.000000 0.000000 0.000000 1.000000
6 1.000000 -0.000000 -0.000000 0.000000 0.000000 0.986276 0.165105 -15.193100 0.000000 -0.165105 0.986276 14.911814 0.000000 0.000000 0.000000 1.000000
4 0.968410 -0.021321 -0.248449 -13.655973 -0.058513 0.949091 -0.309520 -7.135242 0.242400 0.314280 0.917862 0.129696 0.000000 0.000000 0.000000 1.000000
3 0.996222 0.084989 0.017837 -0.000027 -0.079247 0.973726 -0.213491 -35.919125 -0.035513 0.211271 0.976782 1.481440 0.000000 0.000000 0.000000 1.000000
2 0.970987 -0.133699 0.198267 -0.000000 0.032512 0.895213 0.444450 -34.307396 -0.236913 -0.425109 0.873587 -2.646744 0.000000 0.000000 0.000000 1.000000
1 1.000000 0.000000 -0.000000 -0.000000 -0.000000 0.982250 0.187579 -15.193100 0.000000 -0.187579 0.982250 14.911814 0.000000 0.000000 0.000000 1.000000
time 8
35 0.998237 0.030695 -0.050805 2.497618 -0.032737 0.998669 -0.039859 84.093208 0.049514 0.041452 0.997913 0.485866 0.000000 0.000000 0.000000 1.000000
34 0.997065 -0.009111 0.076019 -0.000000 0.013870 0.997960 -0.062313 10.763858 -0.075296 0.063184 0.995157 1.243517 0.000000 0.000000 0.000000 1.000000
33 0.998661 0.025117 0.045220 -0.018927 -0.023603 0.999153 -0.033702 13.061344 -0.046028 0.032589 0.998408 0.227481 0.000000 0.000000 0.000000 1.000000
32 0.998654 0.025633 0.045086 -0.021630 -0.024162 0.999167 -0.032878 12.988213 -0.045892 0.031745 0.998442 -0.916687 0.000000 0.000000 0.000000 1.000000
31 0.999964 0.001567 -0.008371 -0.011927 -0.001501 0.999967 0.007950 24.670660 0.008384 -0.007937 0.999933 2.028101 0.000000 0.000000 0.000000 1.000000
30 0.999964 0.002126 -0.008257 -0.000000 -0.002055 0.999961 0.008623 8.817325 0.008275 -0.008606 0.999929 6.102616 0.000000 0.000000 0.000000 1.000000
29 0.966138 0.238958 -0.097349 9.553568 -0.240929 0.970502 -0.008854 16.065386 0.092362 0.032009 0.995211 -5.227832 0.000000 0.000000 0.000000 1.000000
28 0.412030 0.895750 -0.166920 17.892990 -0.898326 0.368697 -0.238900 2.066080 -0.152452 0.248383 0.956590 -0.922929 0.000000 0.000000 0.000000 1.000000
27 0.999804 0.000019 -0.019797 26.374767 -0.000019 1.000000 0.000001 -0.000102 0.019797 -0.000000 0.999804 -1.459064 0.000000 0.000000 0.000000 1.000000
25 0.966501 -0.222310 0.128277 -9.553568 0.225193 0.974279 -0.008239 16.065386 -0.123146 0.036850 0.991704 -5.227832 0.000000 0.000000 0.000000 1.000000
24 0.638280 -0.490698 0.593139 -17.811876 0.610603 0.791934 -0.001914 2.066080 -0.468788 0.363394 0.805098 -0.922929 0.000000 0.000000 0.000000 1.000000
23 0.899887 -0.000017 0.436124 -26.374767 0.000018 1.000000 0.000002 -0.000102 -0.436124 0.000006 0.899887 -1.459064 0.000000 0.000000 0.000000 1.000000
22 0.934052 -0.108978 -0.340103 -26.753433 0.058476 0.986122 -0.155383 0.000357 0.352316 0.125248 0.927462 0.000016 0.000000 0.000000 0.000000 1.000000
21 0.987139 0.139655 0.077806 -2.492348 -0.132033 0.986609 -0.095757 -4.446348 -0.090137 0.084252 0.992359 6.163476 0.000000 0.000000 0.000000 1.000000
20 0.992626 0.059248 -0.105749 -6.602643 -0.061356 0.997975 -0.016786 -4.314004 0.104540 0.023151 0.994251 6.890449 0.000000 0.000000 0.000000 1.000000
19 0.985164 0.075610 0.154060 -6.784767 -0.114780 0.957676 0.263974 -2.966900 -0.127580 -0.277740 0.952147 4.170527 0.000000 0.000000 0.000000 1.000000
17 0.815274 -0.257487 0.518680 -18.447754 0.284207 0.958324 0.029016 1.479890 -0.504535 0.123756 0.854476 8.654249 0.000000 0.000000 0.000000 1.000000
16 0.915527 -0.402213 0.005858 -7.514380 0.402213 0.915545 0.001230 0.000000 -0.005858 0.001230 0.999982 -0.000000 0.000000 0.000000 0.000000 1.000000
15 0.995458 -0.091124 -0.027574 -7.489388 0.091051 0.995839 -0.003911 0.000000 0.027815 0.001382 0.999612 0.000000 0.000000 0.000000 0.000000 1.000000
13 0.816235 -0.392469 0.423945 -17.507765 0.428994 0.903250 0.010231 -0.477745 -0.386943 0.173518 0.905630 -10.003080 0.000000 0.000000 0.000000 1.000000
