keyframes
0.000000
0.033333
0.066667
0.100000
0.133333
0.166667
0.200000
0.233333
0.266667
0.300000
0.333333
0.366667
0.400000
0.433333
0.466667
0.500000
0.533333
0.566667
0.600000
0.633333
0.666667
0.700000
0.733333
0.766667
0.800000
0.833333
0.866667
0.900000
0.933333
0.966667
1.000000
1.033333
1.066667
1.100000
1.133333
1.166667
1.200000
1.233333
1.266667
1.300000
1.333333
1.366667
1.400000
1.433333
1.466667
1.500000
1.533333
1.566667
1.600000
1.633333
1.666667
1.700000
1.733333
1.766667
1.800000
1.833333
1.866667
1.900000
1.933333
1.966667
2.000000
2.033333
2.066667
2.100000
2.133333
2.166667
2.200000
2.233333
2.266667
2.300000
2.333333
2.366667
2.400000
2.433333
2.466667
2.500000
2.533333
2.566667
2.600000
2.633333
2.666667
2.700000
2.733333
2.766667
2.800000
2.833333
2.866667
2.900000
2.933333
2.966667
3.000000
3.033333
3.066667
3.100000
3.133333
3.166667
3.200000
3.233333
3.266667
3.300000
3.333333
3.366667
3.400000
3.433333
3.466667
3.500000
3.533333
3.566667
3.600000
3.633333
3.666667
3.700000
3.733333
3.766667
3.800000
3.833333
3.866667
3.900000
3.933333
3.966667
4.000000
4.033333
time 0
0 0.999841 0.017820 0.000165 -0.003596 -0.017821 0.999832 0.004401 97.812286 -0.000087 -0.004403 0.999990 -1.084965 0.000000 0.000000 0.000000 1.000000
1 0.999977 -0.005539 0.003987 0.030868 0.006446 0.958366 -0.285468 11.006607 -0.002240 0.285487 0.958380 0.107894 0.000000 0.000000 0.000000 1.000000
2 0.999843 -0.015719 0.008200 0.037207 0.017581 0.938817 -0.343968 11.270997 -0.002292 0.344059 0.938945 0.102284 0.000000 0.000000 0.000000 1.000000
3 0.999849 -0.016194 0.006363 0.042523 0.017192 0.975796 -0.218005 10.833500 -0.002679 0.218081 0.975927 0.116898 0.000000 0.000000 0.000000 1.000000
4 0.963078 0.134179 0.233400 -8.091547 -0.058373 0.950398 -0.305511 25.765633 -0.262816 0.280607 0.923140 -8.554077 0.000000 0.000000 0.000000 1.000000
5 0.692338 -0.685049 0.226665 -16.797314 0.510594 0.687069 0.516942 -5.746214 -0.509865 -0.242165 0.825466 -3.882925 0.000000 0.000000 0.000000 1.000000
6 0.442513 -0.312626 0.840504 -26.183216 0.083740 0.947576 0.308363 0.226356 -0.892844 -0.066071 0.445494 -1.783792 0.000000 0.000000 0.000000 1.000000
7 0.968793 -0.247267 -0.017316 -28.289299 0.243096 0.934157 0.261258 -0.000014 -0.048425 -0.257314 0.965114 -0.000030 0.000000 0.000000 0.000000 1.000000
8 0.934859 -0.354661 0.015957 -6.383195 0.280897 0.711438 -0.644168 -2.634343 0.217109 0.606689 0.764717 4.036207 0.000000 0.000000 0.000000 1.000000
9 0.881514 0.305721 -0.359817 -3.383298 -0.356808 0.930430 -0.083596 -1.953344 0.309227 0.202076 0.929271 1.953340 0.000000 0.000000 0.000000 1.000000
10 0.908498 0.358004 -0.215556 -2.576306 -0.382039 0.920567 -0.081252 -1.487431 0.169345 0.156168 0.973105 1.487422 0.000000 0.000000 0.000000 1.000000
12 0.777387 -0.629022 0.001075 -17.366884 0.597331 0.737683 -0.314673 0.675408 0.197144 0.245265 0.949199 3.488432 0.000000 0.000000 0.000000 1.000000
13 0.834635 -0.526911 0.160466 -5.282543 0.523316 0.849469 0.067404 0.000000 -0.171827 0.027717 0.984737 -0.000007 0.000000 0.000000 0.000000 1.000000
14 0.954711 -0.178223 0.238249 -2.920525 0.158139 0.982231 0.101069 -0.000000 -0.252029 -0.058815 0.965931 -0.000006 0.000000 0.000000 0.000000 1.000000
16 0.828042 -0.558992 -0.043293 -18.143087 0.560663 0.825817 0.060684 -0.000008 0.001830 -0.074522 0.997218 0.000024 0.000000 0.000000 0.000000 1.000000
17 0.855819 -0.514929 -0.049219 -3.858323 0.514926 0.857125 -0.013716 0.000041 0.049250 -0.013605 0.998694 0.000002 0.000000 0.000000 0.000000 1.000000
18 0.855819 -0.514919 -0.049320 -6.062993 0.514918 0.857130 -0.013704 -0.000000 0.049330 -0.013668 0.998689 -0.000001 0.000000 0.000000 0.000000 1.000000
20 0.836735 -0.518635 -0.175763 -17.519356 0.546816 0.808573 0.217259 0.586063 0.029439 -0.277899 0.960159 -3.709018 0.000000 0.000000 0.000000 1.000000
21 0.850207 -0.503939 -0.152294 -5.151581 0.524074 0.837625 0.154046 -0.000003 0.049936 -0.210784 0.976256 -0.000004 0.000000 0.000000 0.000000 1.000000
22 0.869541 -0.470668 -0.149565 -5.030291 0.490793 0.857259 0.155656 0.000029 0.054954 -0.208755 0.976423 -0.000018 0.000000 0.000000 0.000000 1.000000
24 0.801051 -0.596299 -0.052399 -17.048977 0.583889 0.759084 0.287862 0.463596 -0.131877 -0.261187 0.956237 -7.393195 0.000000 0.000000 0.000000 1.000000
25 0.859827 -0.508276 -0.048504 -3.134252 0.508278 0.861092 -0.013226 0.000001 0.048489 -0.013281 0.998735 -0.000001 0.000000 0.000000 0.000000 1.000000
26 0.738214 -0.672882 -0.047646 -3.263257 0.673260 0.739338 -0.010025 -0.000001 0.041972 -0.024678 0.998814 0.000001 0.000000 0.000000 0.000000 1.000000
28 0.999870 -0.002222 -0.015976 0.048505 0.001389 0.998646 -0.052008 28.791946 0.016070 0.051979 0.998519 -0.575704 0.000000 0.000000 0.000000 1.000000
29 0.998271 0.025294 0.053059 -0.000253 -0.043165 0.928172 0.369639 9.309384 -0.039899 -0.371290 0.927659 3.460094 0.000000 0.000000 0.000000 1.000000
31 0.942180 -0.143458 -0.302846 7.842355 0.036458 0.942250 -0.332919 25.765633 0.333117 0.302628 0.893000 -8.554077 0.000000 0.000000 0.000000 1.000000
32 0.737021 0.578444 -0.349574 16.797314 -0.337264 0.762987 0.551456 -5.746214 0.585707 -0.288536 0.757426 -3.882925 0.000000 0.000000 0.000000 1.000000
33 0.628000 0.220844 -0.746220 26.183216 -0.308734 0.950903 0.021597 0.226356 0.714352 0.216821 0.665349 -1.783792 0.000000 0.000000 0.000000 1.000000
34 0.910397 0.244632 -0.333666 28.289299 0.114097 0.626750 0.770822 -0.000014 0.397693 -0.739824 0.542680 -0.000030 0.000000 0.000000 0.000000 1.000000
35 0.946121 0.287093 0.149776 6.383195 -0.146625 0.792232 -0.592343 -2.634343 -0.288715 0.538467 0.791642 4.036207 0.000000 0.000000 0.000000 1.000000
36 0.888280 -0.240513 0.391295 3.383298 0.276161 0.960415 -0.036585 -1.953344 -0.367007 0.140558 0.919538 1.953340 0.000000 0.000000 0.000000 1.000000
37 0.918287 -0.238228 0.316223 2.576306 0.253304 0.967363 -0.006808 -1.487431 -0.304280 0.086352 0.948661 1.487422 0.000000 0.000000 0.000000 1.000000
39 0.897290 0.409574 0.164681 17.366884 -0.413498 0.910435 -0.011310 0.675408 -0.154564 -0.057947 0.986282 3.488432 0.000000 0.000000 0.000000 1.000000
40 0.926881 0.373650 0.035746 5.282543 -0.373650 0.927544 -0.006932 0.000000 -0.035746 -0.006932 0.999337 -0.000007 0.000000 0.000000 0.000000 1.000000
41 0.906291 0.422471 -0.012479 2.920525 -0.422465 0.906374 0.003178 -0.000000 0.012653 0.002391 0.999917 -0.000006 0.000000 0.000000 0.000000 1.000000
43 0.897290 0.409574 0.164681 18.143087 -0.413498 0.910435 -0.011310 -0.000008 -0.154564 -0.057947 0.986282 0.000024 0.000000 0.000000 0.000000 1.000000
44 0.926881 0.373650 0.035746 3.858323 -0.373650 0.927544 -0.006932 0.000041 -0.035746 -0.006932 0.999337 0.000002 0.000000 0.000000 0.000000 1.000000
45 0.926881 0.373651 0.035746 6.062993 -0.373651 0.927544 -0.006932 -0.000000 -0.035746 -0.006932 0.999337 -0.000001 0.000000 0.000000 0.000000 1.000000
47 0.897303 0.409547 0.164679 17.519356 -0.413471 0.910447 -0.011308 0.586063 -0.154563 -0.057943 0.986282 -3.709018 0.000000 0.000000 0.000000 1.000000
48 0.926892 0.373623 0.035743 5.151581 -0.373623 0.927555 -0.006931 -0.000003 -0.035743 -0.006931 0.999337 -0.000004 0.000000 0.000000 0.000000 1.000000
49 0.940727 0.337618 0.032361 5.030291 -0.337617 0.941267 -0.005643 0.000029 -0.032366 -0.005617 0.999460 -0.000018 0.000000 0.000000 0.000000 1.000000
51 0.897319 0.409542 0.164600 17.048977 -0.413485 0.910443 -0.011160 0.463596 -0.154429 -0.058046 0.986297 -7.393195 0.000000 0.000000 0.000000 1.000000
52 0.926892 0.373631 0.035656 3.134252 -0.373636 0.927551 -0.006785 0.000001 -0.035608 -0.007033 0.999341 -0.000001 0.000000 0.000000 0.000000 1.000000
53 0.918428 0.395236 0.016708 3.263257 -0.395308 0.918548 0.001111 -0.000001 -0.014908 -0.007625 0.999860 0.000001 0.000000 0.000000 0.000000 1.000000
55 0.894931 -0.445086 0.031574 12.782863 0.342316 0.730235 0.591250 -8.515770 -0.286213 -0.518320 0.805870 1.402943 0.000000 0.000000 0.000000 1.000000
56 0.985656 0.144777 -0.086731 0.293033 -0.160609 0.646810 -0.745548 -45.696617 -0.051840 0.748783 0.660785 1.647037 0.000000 0.000000 0.000000 1.000000
57 0.975155 0.171418 -0.140319 -0.279094 -0.140059 0.967836 0.208988 -49.013905 0.171630 -0.184143 0.967799 -4.511055 0.000000 0.000000 0.000000 1.000000
58 0.974421 0.026919 -0.223113 3.214732 -0.012827 0.997843 0.064374 -9.860830 0.224364 -0.059865 0.972665 10.650737 0.000000 0.000000 0.000000 1.000000
60 0.902187 0.377805 -0.208139 -12.810862 -0.175979 0.762936 0.622061 -8.515768 0.393815 -0.524587 0.754797 1.402943 0.000000 0.000000 0.000000 1.000000
61 0.993136 0.046324 0.107405 -0.279568 0.050649 0.657377 -0.751858 -45.696709 -0.105435 0.752137 0.650518 1.646893 0.000000 0.000000 0.000000 1.000000
62 0.974480 -0.217127 0.056962 0.293614 0.202483 0.959778 0.194494 -49.013832 -0.096901 -0.177996 0.979248 -4.510909 0.000000 0.000000 0.000000 1.000000
63 0.962643 -0.211987 0.168462 -3.214732 0.197511 0.975322 0.098669 -9.860831 -0.185222 -0.061710 0.980757 10.650737 0.000000 0.000000 0.000000 1.000000
time 1
0 0.999842 0.017802 0.000166 -0.008183 -0.017802 0.999832 0.004403 97.804443 -0.000087 -0.004405 0.999990 -1.059472 0.000000 0.000000 0.000000 1.000000
1 0.999977 -0.005517 0.003986 0.030868 0.006425 0.958366 -0.285472 11.006607 -0.002245 0.285491 0.958379 0.107894 0.000000 0.000000 0.000000 1.000000
2 0.999843 -0.015718 0.008206 0.037207 0.017582 0.938703 -0.344278 11.270997 -0.002292 0.344368 0.938832 0.102284 0.000000 0.000000 0.000000 1.000000
3 0.999849 -0.016190 0.006372 0.042523 0.017191 0.975724 -0.218327 10.833500 -0.002683 0.218403 0.975855 0.116898 0.000000 0.000000 0.000000 1.000000
4 0.963045 0.133841 0.233731 -8.091547 -0.057823 0.950300 -0.305918 25.765633 -0.263059 0.281098 0.922921 -8.554077 0.000000 0.000000 0.000000 1.000000
5 0.692753 -0.684332 0.227558 -16.797314 0.509196 0.687588 0.517631 -5.746214 -0.510698 -0.242719 0.824788 -3.882925 0.000000 0.000000 0.000000 1.000000
6 0.442919 -0.312965 0.840164 -26.183216 0.083905 0.947453 0.308697 0.226356 -0.892627 -0.066233 0.445904 -1.783792 0.000000 0.000000 0.000000 1.000000
7 0.968345 -0.248944 -0.018308 -28.289299 0.245061 0.934164 0.259388 -0.000014 -0.047471 -0.255663 0.965600 -0.000030 0.000000 0.000000 0.000000 1.000000
8 0.935370 -0.353387 0.014155 -6.383195 0.278450 0.711163 -0.645533 -2.634343 0.218056 0.607754 0.763601 4.036207 0.000000 0.000000 0.000000 1.000000
9 0.881514 0.305721 -0.359817 -3.383298 -0.356808 0.930430 -0.083595 -1.953344 0.309227 0.202076 0.929271 1.953340 0.000000 0.000000 0.000000 1.000000
10 0.912407 0.354101 -0.205246 -2.576306 -0.376446 0.922865 -0.081292 -1.487431 0.160628 0.151436 0.975329 1.487422 0.000000 0.000000 0.000000 1.000000
12 0.775066 -0.631877 0.002015 -17.366884 0.600120 0.735107 -0.315395 0.675408 0.197809 0.245662 0.948958 3.488432 0.000000 0.000000 0.000000 1.000000
13 0.838259 -0.520769 0.161623 -5.282543 0.517301 0.853236 0.066246 0.000000 -0.172401 0.028077 0.984627 -0.000007 0.000000 0.000000 0.000000 1.000000
14 0.954546 -0.180771 0.236990 -2.920525 0.160880 0.981802 0.100907 -0.000000 -0.250918 -0.058193 0.966258 -0.000006 0.000000 0.000000 0.000000 1.000000
16 0.829123 -0.557437 -0.042646 -18.143087 0.559066 0.826734 0.062902 -0.000008 0.000193 -0.075996 0.997108 0.000024 0.000000 0.000000 0.000000 1.000000
17 0.855819 -0.514929 -0.049219 -3.858323 0.514926 0.857125 -0.013717 0.000041 0.049250 -0.013605 0.998694 0.000002 0.000000 0.000000 0.000000 1.000000
18 0.855819 -0.514919 -0.049320 -6.062993 0.514918 0.857130 -0.013703 -0.000000 0.049329 -0.013668 0.998689 -0.000001 0.000000 0.000000 0.000000 1.000000
20 0.837804 -0.517221 -0.174834 -17.519356 0.545261 0.808976 0.219653 0.586063 0.027827 -0.279356 0.959784 -3.709018 0.000000 0.000000 0.000000 1.000000
21 0.850207 -0.503938 -0.152294 -5.151581 0.524074 0.837625 0.154046 -0.000003 0.049936 -0.210784 0.976256 -0.000004 0.000000 0.000000 0.000000 1.000000
22 0.869541 -0.470668 -0.149565 -5.030291 0.490793 0.857259 0.155656 0.000029 0.054954 -0.208755 0.976423 -0.000018 0.000000 0.000000 0.000000 1.000000
24 0.802106 -0.594971 -0.051335 -17.048977 0.582058 0.759674 0.290008 0.463596 -0.133549 -0.262497 0.955646 -7.393195 0.000000 0.000000 0.000000 1.000000
25 0.859827 -0.508276 -0.048504 -3.134252 0.508278 0.861092 -0.013227 0.000001 0.048489 -0.013281 0.998735 -0.000001 0.000000 0.000000 0.000000 1.000000
26 0.738214 -0.672882 -0.047646 -3.263257 0.673260 0.739338 -0.010025 -0.000001 0.041972 -0.024678 0.998814 0.000001 0.000000 0.000000 0.000000 1.000000
28 0.999869 -0.002203 -0.016008 0.048505 0.001367 0.998644 -0.052039 28.791946 0.016101 0.052010 0.998517 -0.575704 0.000000 0.000000 0.000000 1.000000
29 0.998282 0.024834 0.053060 -0.000253 -0.042761 0.927969 0.370197 9.309384 -0.040044 -0.371830 0.927437 3.460094 0.000000 0.000000 0.000000 1.000000
31 0.942181 -0.143460 -0.302842 7.842355 0.036461 0.942250 -0.332920 25.765633 0.333114 0.302629 0.893001 -8.554077 0.000000 0.000000 0.000000 1.000000
32 0.736976 0.578099 -0.350241 16.797314 -0.336573 0.763226 0.551547 -5.746214 0.586162 -0.288595 0.757052 -3.882925 0.000000 0.000000 0.000000 1.000000
33 0.627485 0.220808 -0.746663 26.183216 -0.308769 0.950889 0.021718 0.226356 0.714790 0.216919 0.664847 -1.783792 0.000000 0.000000 0.000000 1.000000
34 0.910535 0.244375 -0.333477 28.289299 0.114071 0.626798 0.770787 -0.000014 0.397384 -0.739869 0.542845 -0.000030 0.000000 0.000000 0.000000 1.000000
35 0.945207 0.289292 0.151306 6.383195 -0.147657 0.792163 -0.592178 -2.634343 -0.291171 0.537389 0.791475 4.036207 0.000000 0.000000 0.000000 1.000000
36 0.888280 -0.240513 0.391296 3.383298 0.276161 0.960415 -0.036585 -1.953344 -0.367007 0.140558 0.919538 1.953340 0.000000 0.000000 0.000000 1.000000
37 0.920616 -0.241612 0.306741 2.576306 0.254050 0.967191 -0.000644 -1.487431 -0.296522 0.078521 0.951793 1.487422 0.000000 0.000000 0.000000 1.000000
39 0.895784 0.412694 0.165090 17.366884 -0.416860 0.908913 -0.010220 0.675408 -0.154271 -0.059665 0.986225 3.488432 0.000000 0.000000 0.000000 1.000000
40 0.929568 0.366976 0.035105 5.282543 -0.366976 0.930207 -0.006676 0.000000 -0.035105 -0.006677 0.999361 -0.000007 0.000000 0.000000 0.000000 1.000000
41 0.905079 0.425045 -0.012984 2.920525 -0.425032 0.905170 0.003867 -0.000000 0.013397 0.002018 0.999908 -0.000006 0.000000 0.000000 0.000000 1.000000
43 0.897840 0.408281 0.164894 18.143087 -0.411837 0.911156 -0.013606 -0.000008 -0.155799 -0.055694 0.986217 0.000024 0.000000 0.000000 0.000000 1.000000
44 0.926881 0.373650 0.035746 3.858323 -0.373651 0.927544 -0.006931 0.000041 -0.035746 -0.006932 0.999337 0.000002 0.000000 0.000000 0.000000 1.000000
45 0.926881 0.373650 0.035746 6.062993 -0.373650 0.927544 -0.006932 -0.000000 -0.035746 -0.006932 0.999337 -0.000001 0.000000 0.000000 0.000000 1.000000
47 0.897853 0.408254 0.164891 17.519356 -0.411810 0.911168 -0.013605 0.586063 -0.155798 -0.055689 0.986218 -3.709018 0.000000 0.000000 0.000000 1.000000
48 0.926892 0.373623 0.035743 5.151581 -0.373623 0.927555 -0.006931 -0.000003 -0.035743 -0.006930 0.999337 -0.000004 0.000000 0.000000 0.000000 1.000000
49 0.940727 0.337618 0.032361 5.030291 -0.337617 0.941267 -0.005643 0.000029 -0.032366 -0.005618 0.999460 -0.000018 0.000000 0.000000 0.000000 1.000000
51 0.897870 0.408248 0.164812 17.048977 -0.411823 0.911164 -0.013456 0.463596 -0.155664 -0.055792 0.986233 -7.393195 0.000000 0.000000 0.000000 1.000000
52 0.926892 0.373631 0.035656 3.134252 -0.373636 0.927551 -0.006785 0.000001 -0.035608 -0.007033 0.999341 -0.000001 0.000000 0.000000 0.000000 1.000000
53 0.918428 0.395236 0.016708 3.263257 -0.395308 0.918548 0.001111 -0.000001 -0.014908 -0.007625 0.999860 0.000001 0.000000 0.000000 0.000000 1.000000
55 0.894979 -0.445014 0.031218 12.782863 0.342460 0.730205 0.591204 -8.515770 -0.285890 -0.518424 0.805918 1.402943 0.000000 0.000000 0.000000 1.000000
56 0.985664 0.144705 -0.086752 0.293033 -0.160562 0.646599 -0.745741 -45.696617 -0.051819 0.748980 0.660564 1.647037 0.000000 0.000000 0.000000 1.000000
57 0.975167 0.171634 -0.139971 -0.279094 -0.140291 0.967743 0.209266 -49.013905 0.171373 -0.184432 0.967789 -4.511055 0.000000 0.000000 0.000000 1.000000
58 0.974023 0.027031 -0.224831 3.214732 -0.012827 0.997842 0.064397 -9.860830 0.226087 -0.059840 0.972267 10.650737 0.000000 0.000000 0.000000 1.000000
60 0.902114 0.378012 -0.208081 -12.810862 -0.176250 0.762971 0.621942 -8.515768 0.393861 -0.524388 0.754911 1.402943 0.000000 0.000000 0.000000 1.000000
61 0.993058 0.046402 0.108082 -0.279568 0.051146 0.657125 -0.752045 -45.696709 -0.105920 0.752352 0.650190 1.646893 0.000000 0.000000 0.000000 1.000000
62 0.974415 -0.217278 0.057500 0.293614 0.202460 0.959630 0.195244 -49.013832 -0.097601 -0.178607 0.979068 -4.510909 0.000000 0.000000 0.000000 1.000000
63 0.962061 -0.213716 0.169597 -3.214732 0.199030 0.974927 0.099523 -9.860831 -0.186615 -0.061992 0.980475 10.650737 0.000000 0.000000 0.000000 1.000000
time 2
0 0.999842 0.017783 0.000167 -0.012781 -0.017784 0.999832 0.004404 97.796776 -0.000089 -0.004407 0.999990 -1.034043 0.000000 0.000000 0.000000 1.000000
1 0.999977 -0.005496 0.003984 0.030868 0.006404 0.958365 -0.285474 11.006607 -0.002250 0.285493 0.958378 0.107894 0.000000 0.000000 0.000000 1.000000
2 0.999843 -0.015716 0.008211 0.037207 0.017583 0.938589 -0.344588 11.270997 -0.002291 0.344678 0.938718 0.102284 0.000000 0.000000 0.000000 1.000000
3 0.999849 -0.016186 0.006382 0.042523 0.017190 0.975652 -0.218648 10.833500 -0.002687 0.218725 0.975783 0.116898 0.000000 0.000000 0.000000 1.000000
4 0.963012 0.133502 0.234062 -8.091547 -0.057274 0.950203 -0.306324 25.765633 -0.263301 0.281589 0.922703 -8.554077 0.000000 0.000000 0.000000 1.000000
5 0.693168 -0.683614 0.228452 -16.797314 0.507796 0.688106 0.518318 -5.746214 -0.511529 -0.243274 0.824109 -3.882925 0.000000 0.000000 0.000000 1.000000
6 0.443315 -0.313450 0.839774 -26.183216 0.084151 0.947282 0.309154 0.226356 -0.892407 -0.066385 0.446322 -1.783792 0.000000 0.000000 0.000000 1.000000
7 0.967894 -0.250616 -0.019294 -28.289299 0.247017 0.934168 0.257512 -0.000014 -0.046512 -0.254010 0.966082 -0.000030 0.000000 0.000000 0.000000 1.000000
8 0.935890 -0.352079 0.012281 -6.383195 0.275919 0.710877 -0.646933 -2.634343 0.219041 0.608847 0.762448 4.036207 0.000000 0.000000 0.000000 1.000000
9 0.881514 0.305721 -0.359816 -3.383298 -0.356807 0.930430 -0.083595 -1.953344 0.309227 0.202075 0.929271 1.953340 0.000000 0.000000 0.000000 1.000000
10 0.916275 0.350083 -0.194635 -2.576306 -0.370745 0.925173 -0.081263 -1.487431 0.151622 0.146619 0.977504 1.487422 0.000000 0.000000 0.000000 1.000000
12 0.772727 -0.634732 0.002958 -17.366884 0.602907 0.732510 -0.316121 0.675408 0.198485 0.246059 0.948714 3.488432 0.000000 0.000000 0.000000 1.000000
13 0.841859 -0.514565 0.162777 -5.282543 0.511226 0.856980 0.065072 0.000000 -0.172980 0.028435 0.984515 -0.000007 0.000000 0.000000 0.000000 1.000000
14 0.954367 -0.183340 0.235731 -2.920525 0.163643 0.981363 0.100741 -0.000000 -0.249808 -0.057568 0.966583 -0.000006 0.000000 0.000000 0.000000 1.000000
16 0.830207 -0.555873 -0.041982 -18.143087 0.557454 0.827650 0.065115 -0.000008 -0.001449 -0.077462 0.996994 0.000024 0.000000 0.000000 0.000000 1.000000
17 0.855819 -0.514929 -0.049219 -3.858323 0.514926 0.857125 -0.013717 0.000041 0.049250 -0.013605 0.998694 0.000002 0.000000 0.000000 0.000000 1.000000
18 0.855819 -0.514919 -0.049320 -6.062993 0.514918 0.857130 -0.013704 -0.000000 0.049330 -0.013668 0.998689 -0.000001 0.000000 0.000000 0.000000 1.000000
20 0.838875 -0.515802 -0.173885 -17.519356 0.543692 0.809380 0.222042 0.586063 0.026210 -0.280806 0.959407 -3.709018 0.000000 0.000000 0.000000 1.000000
21 0.850207 -0.503938 -0.152294 -5.151581 0.524074 0.837625 0.154046 -0.000003 0.049936 -0.210784 0.976256 -0.000004 0.000000 0.000000 0.000000 1.000000
22 0.869541 -0.470668 -0.149565 -5.030291 0.490793 0.857259 0.155656 0.000029 0.054954 -0.208755 0.976423 -0.000018 0.000000 0.000000 0.000000 1.000000
24 0.803161 -0.593639 -0.050253 -17.048977 0.580213 0.760265 0.292149 0.463596 -0.135225 -0.263800 0.955052 -7.393195 0.000000 0.000000 0.000000 1.000000
25 0.859827 -0.508276 -0.048504 -3.134252 0.508278 0.861092 -0.013227 0.000001 0.048489 -0.013281 0.998735 -0.000001 0.000000 0.000000 0.000000 1.000000
26 0.738214 -0.672882 -0.047645 -3.263257 0.673260 0.739338 -0.010025 -0.000001 0.041971 -0.024678 0.998814 0.000001 0.000000 0.000000 0.000000 1.000000
28 0.999869 -0.002189 -0.016034 0.048505 0.001350 0.998639 -0.052130 28.791946 0.016126 0.052102 0.998512 -0.575704 0.000000 0.000000 0.000000 1.000000
29 0.998295 0.024387 0.053032 -0.000253 -0.042372 0.927649 0.371042 9.309384 -0.040147 -0.372657 0.927100 3.460094 0.000000 0.000000 0.000000 1.000000
31 0.942244 -0.143405 -0.302672 7.842355 0.036466 0.942251 -0.332915 25.765633 0.332935 0.302650 0.893061 -8.554077 0.000000 0.000000 0.000000 1.000000
32 0.736940 0.577748 -0.350895 16.797314 -0.335872 0.763462 0.551649 -5.746214 0.586609 -0.288676 0.756674 -3.882925 0.000000 0.000000 0.000000 1.000000
33 0.626966 0.220771 -0.747110 26.183216 -0.308805 0.950875 0.021839 0.226356 0.715230 0.217019 0.664341 -1.783792 0.000000 0.000000 0.000000 1.000000
34 0.910670 0.244124 -0.333292 28.289299 0.114046 0.626844 0.770753 -0.000014 0.397081 -0.739912 0.543007 -0.000030 0.000000 0.000000 0.000000 1.000000
35 0.944255 0.291560 0.152891 6.383195 -0.148716 0.792085 -0.592017 -2.634343 -0.293711 0.536278 0.791290 4.036207 0.000000 0.000000 0.000000 1.000000
36 0.888280 -0.240513 0.391295 3.383298 0.276161 0.960415 -0.036585 -1.953344 -0.367007 0.140558 0.919538 1.953340 0.000000 0.000000 0.000000 1.000000
37 0.922934 -0.244949 0.296973 2.576306 0.254815 0.966973 0.005665 -1.487431 -0.288552 0.070445 0.954869 1.487422 0.000000 0.000000 0.000000 1.000000
39 0.894262 0.415818 0.165501 17.366884 -0.420227 0.907373 -0.009121 0.675408 -0.153964 -0.061391 0.986167 3.488432 0.000000 0.000000 0.000000 1.000000
40 0.932222 0.360244 0.034459 5.282543 -0.360244 0.932836 -0.006424 0.000000 -0.034459 -0.006425 0.999385 -0.000007 0.000000 0.000000 0.000000 1.000000
41 0.903851 0.427636 -0.013480 2.920525 -0.427614 0.903950 0.004563 -0.000000 0.014136 0.001640 0.999899 -0.000006 0.000000 0.000000 0.000000 1.000000
43 0.898391 0.406974 0.165120 18.143087 -0.410160 0.911875 -0.015898 -0.000008 -0.157039 -0.053443 0.986145 0.000024 0.000000 0.000000 0.000000 1.000000
44 0.926881 0.373650 0.035746 3.858323 -0.373650 0.927544 -0.006932 0.000041 -0.035746 -0.006932 0.999337 0.000002 0.000000 0.000000 0.000000 1.000000
45 0.926881 0.373650 0.035746 6.062993 -0.373650 0.927544 -0.006932 -0.000000 -0.035746 -0.006932 0.999337 -0.000001 0.000000 0.000000 0.000000 1.000000
47 0.898404 0.406948 0.165118 17.519356 -0.410133 0.911887 -0.015897 0.586063 -0.157038 -0.053438 0.986146 -3.709018 0.000000 0.000000 0.000000 1.000000
48 0.926892 0.373623 0.035743 5.151581 -0.373623 0.927555 -0.006931 -0.000003 -0.035743 -0.006930 0.999337 -0.000004 0.000000 0.000000 0.000000 1.000000
49 0.940727 0.337618 0.032361 5.030291 -0.337617 0.941267 -0.005643 0.000029 -0.032366 -0.005617 0.999460 -0.000018 0.000000 0.000000 0.000000 1.000000
51 0.898421 0.406942 0.165038 17.048977 -0.410147 0.911883 -0.015749 0.463596 -0.156905 -0.053541 0.986161 -7.393195 0.000000 0.000000 0.000000 1.000000
52 0.926892 0.373631 0.035656 3.134252 -0.373636 0.927551 -0.006785 0.000001 -0.035608 -0.007033 0.999341 -0.000001 0.000000 0.000000 0.000000 1.000000
53 0.918428 0.395236 0.016708 3.263257 -0.395308 0.918548 0.001111 -0.000001 -0.014908 -0.007625 0.999860 0.000001 0.000000 0.000000 0.000000 1.000000
55 0.895000 -0.444994 0.030915 12.782863 0.342656 0.730233 0.591055 -8.515770 -0.285591 -0.518401 0.806039 1.402943 0.000000 0.000000 0.000000 1.000000
56 0.985668 0.144668 -0.086776 0.293033 -0.160537 0.646330 -0.745980 -45.696617 -0.051834 0.749219 0.660291 1.647037 0.000000 0.000000 0.000000 1.000000
57 0.975181 0.171859 -0.139596 -0.279094 -0.140504 0.967613 0.209723 -49.013905 0.171118 -0.184904 0.967744 -4.511055 0.000000 0.000000 0.000000 1.000000
58 0.973621 0.027142 -0.226549 3.214732 -0.012828 0.997840 0.064420 -9.860830 0.227809 -0.059815 0.971867 10.650737 0.000000 0.000000 0.000000 1.000000
60 0.902044 0.378213 -0.208019 -12.810862 -0.176509 0.762992 0.621842 -8.515768 0.393905 -0.524211 0.755011 1.402943 0.000000 0.000000 0.000000 1.000000
61 0.992980 0.046479 0.108768 -0.279568 0.051647 0.656899 -0.752207 -45.696709 -0.106411 0.752544 0.649887 1.646893 0.000000 0.000000 0.000000 1.000000
62 0.974351 -0.217422 0.058035 0.293614 0.202436 0.959494 0.195937 -49.013832 -0.098285 -0.179163 0.978898 -4.510909 0.000000 0.000000 0.000000 1.000000
63 0.961475 -0.215446 0.170729 -3.214732 0.200548 0.974528 0.100375 -9.860831 -0.188006 -0.062269 0.980192 10.650737 0.000000 0.000000 0.000000 1.000000
time 3
0 0.999842 0.017767 0.000165 -0.015669 -0.017767 0.999832 0.004406 97.795990 -0.000087 -0.004408 0.999990 -0.996225 0.000000 0.000000 0.000000 1.000000
1 0.999977 -0.005476 0.003984 0.030868 0.006385 0.958364 -0.285477 11.006607 -0.002255 0.285496 0.958377 0.107894 0.000000 0.000000 0.000000 1.000000
2 0.999843 -0.015714 0.008215 0.037207 0.017583 0.938508 -0.344808 11.270997 -0.002292 0.344898 0.938637 0.102284 0.000000 0.000000 0.000000 1.000000
3 0.999849 -0.016181 0.006389 0.042523 0.017188 0.975601 -0.218877 10.833500 -0.002691 0.218954 0.975731 0.116898 0.000000 0.000000 0.000000 1.000000
4 0.962972 0.133178 0.234409 -8.091547 -0.056725 0.950095 -0.306761 25.765633 -0.263565 0.282105 0.922470 -8.554077 0.000000 0.000000 0.000000 1.000000
5 0.693665 -0.682905 0.229063 -16.797314 0.506578 0.688597 0.518857 -5.746214 -0.512062 -0.243875 0.823600 -3.882925 0.000000 0.000000 0.000000 1.000000
6 0.443683 -0.313898 0.839413 -26.183216 0.084389 0.947124 0.309572 0.226356 -0.892202 -0.066514 0.446712 -1.783792 0.000000 0.000000 0.000000 1.000000
7 0.967398 -0.252462 -0.020106 -28.289299 0.249084 0.934079 0.255838 -0.000014 -0.045809 -0.252505 0.966511 -0.000030 0.000000 0.000000 0.000000 1.000000
8 0.936444 -0.350665 0.010285 -6.383195 0.273218 0.710606 -0.648376 -2.634343 0.220054 0.609979 0.761251 4.036207 0.000000 0.000000 0.000000 1.000000
9 0.881514 0.305721 -0.359816 -3.383298 -0.356807 0.930430 -0.083596 -1.953344 0.309227 0.202076 0.929271 1.953340 0.000000 0.000000 0.000000 1.000000
10 0.920136 0.345914 -0.183557 -2.576306 -0.364881 0.927508 -0.081183 -1.487431 0.142169 0.141676 0.979651 1.487422 0.000000 0.000000 0.000000 1.000000
12 0.770386 -0.637566 0.003899 -17.366884 0.605680 0.729920 -0.316811 0.675408 0.199142 0.246428 0.948481 3.488432 0.000000 0.000000 0.000000 1.000000
13 0.845468 -0.508250 0.163910 -5.282543 0.505054 0.860727 0.063801 0.000000 -0.173509 0.028842 0.984410 -0.000007 0.000000 0.000000 0.000000 1.000000
14 0.954173 -0.185963 0.234461 -2.920525 0.166461 0.980906 0.100569 -0.000000 -0.248686 -0.056932 0.966910 -0.000006 0.000000 0.000000 0.000000 1.000000
16 0.831276 -0.554321 -0.041328 -18.143087 0.555851 0.828563 0.067174 -0.000008 -0.002993 -0.078813 0.996885 0.000024 0.000000 0.000000 0.000000 1.000000
17 0.855819 -0.514929 -0.049219 -3.858323 0.514926 0.857125 -0.013716 0.000041 0.049250 -0.013605 0.998694 0.000002 0.000000 0.000000 0.000000 1.000000
18 0.855819 -0.514919 -0.049320 -6.062993 0.514918 0.857130 -0.013704 -0.000000 0.049330 -0.013668 0.998689 -0.000001 0.000000 0.000000 0.000000 1.000000
20 0.839934 -0.514393 -0.172949 -17.519356 0.542127 0.809813 0.224280 0.586063 0.024689 -0.282141 0.959055 -3.709018 0.000000 0.000000 0.000000 1.000000
21 0.850207 -0.503939 -0.152294 -5.151581 0.524074 0.837625 0.154046 -0.000003 0.049936 -0.210784 0.976256 -0.000004 0.000000 0.000000 0.000000 1.000000
22 0.869541 -0.470668 -0.149565 -5.030291 0.490793 0.857259 0.155656 0.000029 0.054954 -0.208755 0.976423 -0.000018 0.000000 0.000000 0.000000 1.000000
24 0.804204 -0.592315 -0.049184 -17.048977 0.578396 0.760881 0.294139 0.463596 -0.136800 -0.264996 0.954496 -7.393195 0.000000 0.000000 0.000000 1.000000
25 0.859827 -0.508276 -0.048504 -3.134252 0.508278 0.861092 -0.013227 0.000001 0.048489 -0.013281 0.998735 -0.000001 0.000000 0.000000 0.000000 1.000000
26 0.738214 -0.672882 -0.047646 -3.263257 0.673260 0.739338 -0.010024 -0.000001 0.041972 -0.024678 0.998814 0.000001 0.000000 0.000000 0.000000 1.000000
28 0.999869 -0.002171 -0.016066 0.048505 0.001328 0.998631 -0.052285 28.791946 0.016157 0.052257 0.998503 -0.575704 0.000000 0.000000 0.000000 1.000000
29 0.998308 0.023941 0.052988 -0.000253 -0.041982 0.927285 0.371994 9.309384 -0.040230 -0.373589 0.926722 3.460094 0.000000 0.000000 0.000000 1.000000
31 0.942303 -0.143354 -0.302513 7.842355 0.036471 0.942253 -0.332910 25.765633 0.332768 0.302670 0.893116 -8.554077 0.000000 0.000000 0.000000 1.000000
32 0.736865 0.577496 -0.351467 16.797314 -0.335341 0.763654 0.551706 -5.746214 0.587007 -0.288671 0.756367 -3.882925 0.000000 0.000000 0.000000 1.000000
33 0.626484 0.220728 -0.747528 26.183216 -0.308832 0.950863 0.021944 0.226356 0.715640 0.217113 0.663868 -1.783792 0.000000 0.000000 0.000000 1.000000
34 0.910791 0.243899 -0.333127 28.289299 0.114024 0.626886 0.770722 -0.000014 0.396811 -0.739951 0.543151 -0.000030 0.000000 0.000000 0.000000 1.000000
35 0.943237 0.293981 0.154532 6.383195 -0.149868 0.791971 -0.591879 -2.634343 -0.296386 0.535123 0.791075 4.036207 0.000000 0.000000 0.000000 1.000000
36 0.888280 -0.240513 0.391295 3.383298 0.276161 0.960415 -0.036585 -1.953344 -0.367007 0.140558 0.919538 1.953340 0.000000 0.000000 0.000000 1.000000
37 0.925270 -0.248253 0.286787 2.576306 0.255582 0.966710 0.012228 -1.487431 -0.280275 0.061984 0.957916 1.487422 0.000000 0.000000 0.000000 1.000000
39 0.892732 0.418930 0.165914 17.366884 -0.423576 0.905825 -0.008061 0.675408 -0.153665 -0.063081 0.986107 3.488432 0.000000 0.000000 0.000000 1.000000
40 0.934860 0.353405 0.033775 5.282543 -0.353408 0.935449 -0.006100 0.000000 -0.033751 -0.006234 0.999411 -0.000007 0.000000 0.000000 0.000000 1.000000
41 0.902590 0.430275 -0.013970 2.920525 -0.430244 0.902697 0.005273 -0.000000 0.014879 0.001251 0.999889 -0.000006 0.000000 0.000000 0.000000 1.000000
43 0.898950 0.405651 0.165336 18.143087 -0.408486 0.912586 -0.018038 -0.000008 -0.158201 -0.051323 0.986072 0.000024 0.000000 0.000000 0.000000 1.000000
44 0.926881 0.373651 0.035746 3.858323 -0.373651 0.927544 -0.006932 0.000041 -0.035746 -0.006931 0.999337 0.000002 0.000000 0.000000 0.000000 1.000000
45 0.926881 0.373651 0.035746 6.062993 -0.373651 0.927544 -0.006932 -0.000000 -0.035746 -0.006932 0.999337 -0.000001 0.000000 0.000000 0.000000 1.000000
47 0.898963 0.405624 0.165334 17.519356 -0.408459 0.912598 -0.018037 0.586063 -0.158199 -0.051318 0.986073 -3.709018 0.000000 0.000000 0.000000 1.000000
48 0.926892 0.373623 0.035743 5.151581 -0.373623 0.927555 -0.006931 -0.000003 -0.035743 -0.006930 0.999337 -0.000004 0.000000 0.000000 0.000000 1.000000
49 0.940727 0.337618 0.032361 5.030291 -0.337617 0.941267 -0.005643 0.000029 -0.032366 -0.005618 0.999460 -0.000018 0.000000 0.000000 0.000000 1.000000
51 0.898980 0.405619 0.165254 17.048977 -0.408473 0.912595 -0.017888 0.463596 -0.158066 -0.051421 0.986089 -7.393195 0.000000 0.000000 0.000000 1.000000
52 0.926892 0.373631 0.035656 3.134252 -0.373636 0.927551 -0.006785 0.000001 -0.035608 -0.007033 0.999341 -0.000001 0.000000 0.000000 0.000000 1.000000
53 0.918428 0.395236 0.016708 3.263257 -0.395308 0.918548 0.001111 -0.000001 -0.014908 -0.007625 0.999860 0.000001 0.000000 0.000000 0.000000 1.000000
55 0.895026 -0.444958 0.030675 12.782863 0.342895 0.730445 0.590655 -8.515770 -0.285223 -0.518133 0.806341 1.402943 0.000000 0.000000 0.000000 1.000000
56 0.985659 0.144694 -0.086834 0.293033 -0.160587 0.646164 -0.746112 -45.696617 -0.051849 0.749356 0.660134 1.647037 0.000000 0.000000 0.000000 1.000000
57 0.975204 0.172048 -0.139198 -0.279094 -0.140658 0.967456 0.210341 -49.013905 0.170857 -0.185546 0.967668 -4.511055 0.000000 0.000000 0.000000 1.000000
58 0.973226 0.027269 -0.228226 3.214732 -0.012860 0.997842 0.064389 -9.860830 0.229489 -0.059730 0.971477 10.650737 0.000000 0.000000 0.000000 1.000000
60 0.901973 0.378393 -0.207998 -12.810862 -0.176871 0.763216 0.621464 -8.515768 0.393905 -0.523755 0.755327 1.402943 0.000000 0.000000 0.000000 1.000000
61 0.992886 0.046598 0.109568 -0.279568 0.052178 0.656874 -0.752192 -45.696709 -0.107023 0.752559 0.649770 1.646893 0.000000 0.000000 0.000000 1.000000
62 0.974265 -0.217677 0.058517 0.293614 0.202519 0.959310 0.196748 -49.013832 -0.098964 -0.179833 0.978706 -4.510909 0.000000 0.000000 0.000000 1.000000
63 0.960898 -0.217138 0.171831 -3.214732 0.202030 0.974135 0.101214 -9.860831 -0.189364 -0.062542 0.979913 10.650737 0.000000 0.000000 0.000000 1.000000
time 4
0 0.999842 0.017757 -0.000213 -0.012816 -0.017756 0.999832 0.004598 97.814560 0.000294 -0.004593 0.999989 -0.925742 0.000000 0.000000 0.000000 1.000000
1 0.999977 -0.005463 0.003985 0.030868 0.006373 0.958363 -0.285480 11.006607 -0.002260 0.285499 0.958376 0.107894 0.000000 0.000000 0.000000 1.000000
2 0.999843 -0.015710 0.008213 0.037207 0.017579 0.938521 -0.344773 11.270997 -0.002292 0.344863 0.938650 0.102284 0.000000 0.000000 0.000000 1.000000
3 0.999849 -0.016175 0.006390 0.042523 0.017181 0.975609 -0.218843 10.833500 -0.002694 0.218919 0.975739 0.116898 0.000000 0.000000 0.000000 1.000000
4 0.962859 0.132968 0.234994 -8.091547 -0.056224 0.949992 -0.307170 25.765633 -0.264087 0.282549 0.922184 -8.554077 0.000000 0.000000 0.000000 1.000000
5 0.694415 -0.682112 0.229150 -16.797314 0.505836 0.689227 0.518744 -5.746214 -0.511778 -0.244312 0.823647 -3.882925 0.000000 0.000000 0.000000 1.000000
6 0.443874 -0.314357 0.839140 -26.183216 0.084487 0.946956 0.310057 0.226356 -0.892097 -0.066730 0.446888 -1.783792 0.000000 0.000000 0.000000 1.000000
7 0.966789 -0.254758 -0.020431 -28.289299 0.251437 0.933764 0.254683 -0.000014 -0.045804 -0.251362 0.966809 -0.000030 0.000000 0.000000 0.000000 1.000000
8 0.937066 -0.349061 0.007925 -6.383195 0.270138 0.710440 -0.649847 -2.634343 0.221206 0.611090 0.760024 4.036207 0.000000 0.000000 0.000000 1.000000
9 0.881514 0.305721 -0.359817 -3.383298 -0.356808 0.930430 -0.083596 -1.953344 0.309227 0.202076 0.929271 1.953340 0.000000 0.000000 0.000000 1.000000
10 0.924248 0.341266 -0.171183 -2.576306 -0.358418 0.930034 -0.081072 -1.487431 0.131539 0.136286 0.981898 1.487422 0.000000 0.000000 0.000000 1.000000
12 0.767696 -0.640794 0.005072 -17.366884 0.608884 0.726953 -0.317490 0.675408 0.199758 0.246824 0.948248 3.488432 0.000000 0.000000 0.000000 1.000000
13 0.849582 -0.500915 0.165210 -5.282543 0.497886 0.865000 0.062326 0.000000 -0.174126 0.029305 0.984287 -0.000007 0.000000 0.000000 0.000000 1.000000
14 0.953904 -0.189289 0.232890 -2.920525 0.170013 0.980312 0.100417 -0.000000 -0.247313 -0.056194 0.967305 -0.000006 0.000000 0.000000 0.000000 1.000000
16 0.832420 -0.552640 -0.040823 -18.143087 0.554131 0.829600 0.068570 -0.000008 -0.004027 -0.079700 0.996811 0.000024 0.000000 0.000000 0.000000 1.000000
17 0.855819 -0.514929 -0.049219 -3.858323 0.514926 0.857125 -0.013716 0.000041 0.049250 -0.013605 0.998694 0.000002 0.000000 0.000000 0.000000 1.000000
18 0.855819 -0.514919 -0.049320 -6.062993 0.514918 0.857130 -0.013704 -0.000000 0.049330 -0.013668 0.998689 -0.000001 0.000000 0.000000 0.000000 1.000000
20 0.841059 -0.512826 -0.172134 -17.519356 0.540426 0.810500 0.225897 0.586063 0.023669 -0.283018 0.958822 -3.709018 0.000000 0.000000 0.000000 1.000000
21 0.850207 -0.503939 -0.152294 -5.151581 0.524074 0.837625 0.154046 -0.000003 0.049936 -0.210784 0.976256 -0.000004 0.000000 0.000000 0.000000 1.000000
22 0.869541 -0.470668 -0.149565 -5.030291 0.490793 0.857259 0.155656 0.000029 0.054954 -0.208755 0.976423 -0.000018 0.000000 0.000000 0.000000 1.000000
24 0.805344 -0.590842 -0.048227 -17.048977 0.576556 0.761752 0.295495 0.463596 -0.137854 -0.265781 0.954126 -7.393195 0.000000 0.000000 0.000000 1.000000
25 0.859827 -0.508277 -0.048504 -3.134252 0.508278 0.861092 -0.013227 0.000001 0.048489 -0.013281 0.998735 -0.000001 0.000000 0.000000 0.000000 1.000000
26 0.738214 -0.672882 -0.047646 -3.263257 0.673260 0.739338 -0.010024 -0.000001 0.041971 -0.024678 0.998814 0.000001 0.000000 0.000000 0.000000 1.000000
28 0.999867 -0.002099 -0.016177 0.048505 0.001247 0.998620 -0.052504 28.791946 0.016265 0.052477 0.998490 -0.575704 0.000000 0.000000 0.000000 1.000000
29 0.998300 0.023614 0.053294 -0.000253 -0.041817 0.927080 0.372523 9.309384 -0.040611 -0.374118 0.926492 3.460094 0.000000 0.000000 0.000000 1.000000
31 0.942345 -0.143319 -0.302399 7.842355 0.036475 0.942254 -0.332907 25.765633 0.332648 0.302684 0.893156 -8.554077 0.000000 0.000000 0.000000 1.000000
32 0.736700 0.577518 -0.351776 16.797314 -0.335377 0.763764 0.551532 -5.746214 0.587193 -0.288336 0.756351 -3.882925 0.000000 0.000000 0.000000 1.000000
33 0.626141 0.220649 -0.747838 26.183216 -0.308826 0.950865 0.021982 0.226356 0.715943 0.217187 0.663517 -1.783792 0.000000 0.000000 0.000000 1.000000
34 0.910853 0.243782 -0.333041 28.289299 0.114013 0.626906 0.770707 -0.000014 0.396670 -0.739972 0.543225 -0.000030 0.000000 0.000000 0.000000 1.000000
35 0.942080 0.296737 0.156307 6.383195 -0.151166 0.791708 -0.591901 -2.634343 -0.299388 0.533990 0.790709 4.036207 0.000000 0.000000 0.000000 1.000000
36 0.888280 -0.240513 0.391296 3.383298 0.276161 0.960415 -0.036585 -1.953344 -0.367007 0.140558 0.919538 1.953340 0.000000 0.000000 0.000000 1.000000
37 0.927768 -0.251754 0.275439 2.576306 0.256419 0.966368 0.019570 -1.487431 -0.271102 0.052471 0.961119 1.487422 0.000000 0.000000 0.000000 1.000000
39 0.890937 0.422509 0.166484 17.366884 -0.427417 0.904028 -0.006956 0.675408 -0.153445 -0.064961 0.986020 3.488432 0.000000 0.000000 0.000000 1.000000
40 0.937848 0.345477 0.032982 5.282543 -0.345482 0.938408 -0.005735 0.000000 -0.032932 -0.006016 0.999439 -0.000007 0.000000 0.000000 0.000000 1.000000
41 0.900987 0.433603 -0.014548 2.920525 -0.433561 0.901104 0.006102 -0.000000 0.015755 0.000810 0.999876 -0.000006 0.000000 0.000000 0.000000 1.000000
43 0.899646 0.404095 0.165360 18.143087 -0.406670 0.913367 -0.019523 -0.000008 -0.158924 -0.049684 0.986040 0.000024 0.000000 0.000000 0.000000 1.000000
44 0.926881 0.373651 0.035746 3.858323 -0.373651 0.927544 -0.006932 0.000041 -0.035746 -0.006932 0.999337 0.000002 0.000000 0.000000 0.000000 1.000000
45 0.926881 0.373650 0.035746 6.062993 -0.373650 0.927544 -0.006932 -0.000000 -0.035746 -0.006932 0.999337 -0.000001 0.000000 0.000000 0.000000 1.000000
47 0.899659 0.404068 0.165358 17.519356 -0.406642 0.913379 -0.019521 0.586063 -0.158922 -0.049679 0.986040 -3.709018 0.000000 0.000000 0.000000 1.000000
48 0.926892 0.373623 0.035743 5.151581 -0.373623 0.927555 -0.006930 -0.000003 -0.035743 -0.006931 0.999337 -0.000004 0.000000 0.000000 0.000000 1.000000
49 0.940727 0.337618 0.032361 5.030291 -0.337617 0.941267 -0.005643 0.000029 -0.032366 -0.005617 0.999460 -0.000018 0.000000 0.000000 0.000000 1.000000
51 0.899676 0.404063 0.165278 17.048977 -0.406657 0.913375 -0.019373 0.463596 -0.158789 -0.049782 0.986057 -7.393195 0.000000 0.000000 0.000000 1.000000
52 0.926892 0.373631 0.035656 3.134252 -0.373636 0.927551 -0.006785 0.000001 -0.035608 -0.007033 0.999341 -0.000001 0.000000 0.000000 0.000000 1.000000
53 0.918428 0.395236 0.016708 3.263257 -0.395308 0.918548 0.001111 -0.000001 -0.014908 -0.007625 0.999860 0.000001 0.000000 0.000000 0.000000 1.000000
55 0.894976 -0.445052 0.030772 12.782863 0.343346 0.731207 0.589449 -8.515770 -0.284836 -0.516977 0.807219 1.402943 0.000000 0.000000 0.000000 1.000000
56 0.985588 0.144935 -0.087232 0.293033 -0.161069 0.646453 -0.745759 -45.696617 -0.051695 0.749061 0.660481 1.647037 0.000000 0.000000 0.000000 1.000000
57 0.975317 0.172114 -0.138323 -0.279094 -0.140753 0.967274 0.211114 -49.013905 0.170132 -0.186433 0.967625 -4.511055 0.000000 0.000000 0.000000 1.000000
