joints
0 Hips -1 0.996570 -0.011980 -0.081888 0.139836 -0.016904 0.939138 -0.343123 98.600685 0.081014 0.343331 0.935714 -1.472932 0.000000 0.000000 0.000000 1.000000
1 Spine 0 0.994600 -0.032948 0.098412 0.030868 0.070349 0.911200 -0.405914 11.006607 -0.076299 0.410645 0.908597 0.107894 0.000000 0.000000 0.000000 1.000000
2 Spine1 1 0.996040 -0.088384 -0.009621 0.037207 0.081987 0.954992 -0.285077 11.270997 0.034384 0.283159 0.958456 0.102284 0.000000 0.000000 0.000000 1.000000
3 Spine2 2 0.996854 -0.079062 -0.005599 0.042523 0.074124 0.954945 -0.287376 10.833500 0.028067 0.286057 0.957802 0.116898 0.000000 0.000000 0.000000 1.000000
4 RightShoulder 3 0.993291 -0.109276 0.037831 -8.091547 0.110094 0.993715 -0.020253 25.765633 -0.035380 0.024282 0.999079 -8.554077 0.000000 0.000000 0.000000 1.000000
5 RightArm 4 0.637366 -0.375917 0.672644 -16.797314 -0.006123 0.870430 0.492254 -5.746214 -0.770537 -0.317865 0.552481 -3.882925 0.000000 0.000000 0.000000 1.000000
6 RightForeArm 5 0.789400 0.008739 0.613817 -26.183216 -0.006742 0.999962 -0.005566 0.226356 -0.613842 0.000255 0.789429 -1.783792 0.000000 0.000000 0.000000 1.000000
7 RightHand 6 0.961490 -0.181850 0.206075 -28.289299 -0.012747 0.719492 0.694384 -0.000014 -0.274543 -0.670270 0.689467 -0.000030 0.000000 0.000000 0.000000 1.000000
8 RightHandThumb1 7 0.946694 0.076593 0.312897 -6.383195 0.073699 0.894062 -0.441838 -2.634343 -0.313591 0.441345 0.840758 4.036207 0.000000 0.000000 0.000000 1.000000
9 RightHandThumb2 8 0.830768 0.410971 -0.375403 -3.383298 -0.405166 0.908931 0.098416 -1.953344 0.381662 0.070340 0.921622 1.953340 0.000000 0.000000 0.000000 1.000000
10 RightHandThumb3 9 0.937257 0.267567 -0.223513 -2.576306 -0.260329 0.963539 0.061814 -1.487431 0.231903 0.000251 0.972739 1.487422 0.000000 0.000000 0.000000 1.000000
11 RightHandThumb4 10 1.000000 -0.000000 0.000000 -4.251625 0.000000 1.000000 0.000000 -2.454671 0.000000 0.000000 1.000000 2.454646 0.000000 0.000000 0.000000 1.000000
12 RightHandIndex1 7 0.990793 0.063833 -0.119392 -17.366884 -0.064646 0.997904 -0.002942 0.675408 0.118954 0.010633 0.992843 3.488432 0.000000 0.000000 0.000000 1.000000
13 RightHandIndex2 12 0.901742 -0.430310 -0.041166 -5.282543 0.430310 0.902633 -0.009315 0.000000 0.041166 -0.009315 0.999109 -0.000007 0.000000 0.000000 0.000000 1.000000
14 RightHandIndex3 13 0.964139 -0.263947 0.027714 -2.920525 0.263727 0.964530 0.011396 -0.000000 -0.029739 -0.003679 0.999551 -0.000006 0.000000 0.000000 0.000000 1.000000
15 RightHandIndex4 14 1.000000 -0.000000 0.000000 -5.195451 -0.000000 1.000000 0.000000 -0.207939 0.000000 0.000000 1.000000 -0.146626 0.000000 0.000000 0.000000 1.000000
16 RightHandMiddle1 7 0.990793 0.063833 -0.119392 -18.143087 -0.064646 0.997904 -0.002942 -0.000008 0.118954 0.010633 0.992843 0.000024 0.000000 0.000000 0.000000 1.000000
17 RightHandMiddle2 16 0.901742 -0.430310 -0.041166 -3.858323 0.430310 0.902633 -0.009315 0.000041 0.041166 -0.009315 0.999109 0.000002 0.000000 0.000000 0.000000 1.000000
18 RightHandMiddle3 17 0.976980 -0.212359 -0.020316 -6.062993 0.212359 0.977189 -0.002182 -0.000000 0.020316 -0.002182 0.999791 -0.000001 0.000000 0.000000 0.000000 1.000000
19 RightHandMiddle4 18 1.000000 -0.000000 0.000000 -4.743457 -0.000000 1.000000 0.000000 -0.000002 -0.000000 0.000000 1.000000 -0.000005 0.000000 0.000000 0.000000 1.000000
20 RightHandRing1 7 0.990793 0.063833 -0.119392 -17.519356 -0.064646 0.997904 -0.002942 0.586063 0.118954 0.010633 0.992843 -3.709018 0.000000 0.000000 0.000000 1.000000
21 RightHandRing2 20 0.901742 -0.430310 -0.041166 -5.151581 0.430310 0.902633 -0.009315 -0.000003 0.041166 -0.009315 0.999109 -0.000004 0.000000 0.000000 0.000000 1.000000
22 RightHandRing3 21 0.984507 -0.174544 -0.016764 -5.030291 0.174544 0.984648 -0.001482 0.000029 0.016765 -0.001467 0.999858 -0.000018 0.000000 0.000000 0.000000 1.000000
23 RightHandRing4 22 1.000000 0.000000 -0.000000 -3.837044 0.000000 1.000000 0.000000 -0.148019 -0.000000 0.000000 1.000000 -0.013933 0.000000 0.000000 0.000000 1.000000
24 RightHandPinky1 7 0.990793 0.063833 -0.119392 -17.048977 -0.064646 0.997904 -0.002942 0.463596 0.118954 0.010633 0.992843 -7.393195 0.000000 0.000000 0.000000 1.000000
25 RightHandPinky2 24 0.901742 -0.430310 -0.041166 -3.134252 0.430310 0.902633 -0.009315 0.000001 0.041166 -0.009315 0.999109 -0.000001 0.000000 0.000000 0.000000 1.000000
26 RightHandPinky3 25 0.971952 -0.235177 -0.000303 -3.263257 0.235177 0.971949 0.002413 -0.000001 -0.000273 -0.002417 0.999997 0.000001 0.000000 0.000000 0.000000 1.000000
27 RightHandPinky4 26 1.000000 -0.000000 -0.000000 -2.847803 -0.000000 1.000000 0.000000 0.066657 -0.000000 -0.000000 1.000000 -0.058488 0.000000 0.000000 0.000000 1.000000
28 Neck 3 0.920601 0.177157 0.348008 0.048505 -0.381618 0.597182 0.705508 28.791946 -0.082838 -0.782297 0.617373 -0.575704 0.000000 0.000000 0.000000 1.000000
29 Head 28 0.953975 -0.149244 -0.260112 -0.000253 0.176103 0.980860 0.083078 9.309384 0.242735 -0.125060 0.961998 3.460094 0.000000 0.000000 0.000000 1.000000
30 HeadTop_End 29 1.000000 0.000000 -0.000000 0.003083 -0.000000 1.000000 0.000000 15.087585 0.000000 -0.000000 1.000000 6.292756 0.000000 0.000000 0.000000 1.000000
31 LeftShoulder 3 0.985170 0.170593 -0.018372 7.842355 -0.171295 0.984045 -0.048093 25.765633 0.009874 0.050527 0.998674 -8.554077 0.000000 0.000000 0.000000 1.000000
32 LeftArm 31 0.720401 0.475532 -0.504868 16.797314 -0.449627 0.874462 0.182075 -5.746214 0.528070 0.095835 0.843776 -3.882925 0.000000 0.000000 0.000000 1.000000
33 LeftForeArm 32 0.719866 -0.008749 -0.694057 26.183216 0.006129 0.999962 -0.006248 0.226356 0.694085 0.000244 0.719893 -1.783792 0.000000 0.000000 0.000000 1.000000
34 LeftHand 33 0.917044 -0.012698 -0.398583 28.289299 0.342987 0.535019 0.772085 -0.000014 0.203445 -0.844745 0.494991 -0.000030 0.000000 0.000000 0.000000 1.000000
35 LeftHandThumb1 34 0.977041 -0.074730 -0.199517 6.383195 0.150200 0.905761 0.396278 -2.634343 0.151101 -0.417148 0.896190 4.036207 0.000000 0.000000 0.000000 1.000000
36 LeftHandThumb2 35 0.890934 -0.167045 0.422294 3.383298 0.222907 0.971024 -0.086173 -1.953344 -0.395662 0.170907 0.902354 1.953340 0.000000 0.000000 0.000000 1.000000
37 LeftHandThumb3 36 0.925108 -0.089443 0.369018 2.576306 0.119897 0.990948 -0.060386 -1.487431 -0.360277 0.100108 0.927458 1.487422 0.000000 0.000000 0.000000 1.000000
38 LeftHandThumb4 37 1.000000 -0.000000 -0.000000 4.251624 -0.000000 1.000000 0.000000 -2.454671 -0.000000 -0.000000 1.000000 2.454648 0.000000 0.000000 0.000000 1.000000
39 LeftHandIndex1 34 0.990793 -0.063833 0.119392 17.366884 0.064646 0.997904 -0.002942 0.675408 -0.118954 0.010633 0.992843 3.488432 0.000000 0.000000 0.000000 1.000000
40 LeftHandIndex2 39 0.901742 0.430310 0.041166 5.282543 -0.430310 0.902633 -0.009315 0.000000 -0.041166 -0.009315 0.999109 -0.000007 0.000000 0.000000 0.000000 1.000000
41 LeftHandIndex3 40 0.964139 0.263947 -0.027714 2.920525 -0.263727 0.964530 0.011396 -0.000000 0.029739 -0.003679 0.999551 -0.000006 0.000000 0.000000 0.000000 1.000000
42 LeftHandIndex4 41 1.000000 -0.000000 -0.000000 5.195451 -0.000000 1.000000 -0.000000 -0.207939 0.000000 -0.000000 1.000000 -0.146626 0.000000 0.000000 0.000000 1.000000
43 LeftHandMiddle1 34 0.990793 -0.063833 0.119392 18.143087 0.064646 0.997904 -0.002942 -0.000008 -0.118954 0.010633 0.992843 0.000024 0.000000 0.000000 0.000000 1.000000
44 LeftHandMiddle2 43 0.901742 0.430310 0.041166 3.858323 -0.430310 0.902633 -0.009315 0.000041 -0.041166 -0.009315 0.999109 0.000002 0.000000 0.000000 0.000000 1.000000
45 LeftHandMiddle3 44 0.976980 0.212360 0.020316 6.062993 -0.212360 0.977189 -0.002182 -0.000000 -0.020316 -0.002182 0.999791 -0.000001 0.000000 0.000000 0.000000 1.000000
46 LeftHandMiddle4 45 1.000000 0.000000 0.000000 4.743457 0.000000 1.000000 -0.000000 -0.000002 -0.000000 0.000000 1.000000 -0.000005 0.000000 0.000000 0.000000 1.000000
47 LeftHandRing1 34 0.990793 -0.063833 0.119392 17.519356 0.064646 0.997904 -0.002942 0.586063 -0.118954 0.010633 0.992843 -3.709018 0.000000 0.000000 0.000000 1.000000
48 LeftHandRing2 47 0.901742 0.430310 0.041166 5.151581 -0.430310 0.902633 -0.009315 -0.000003 -0.041166 -0.009315 0.999109 -0.000004 0.000000 0.000000 0.000000 1.000000
49 LeftHandRing3 48 0.984507 0.174545 0.016764 5.030291 -0.174544 0.984648 -0.001482 0.000029 -0.016765 -0.001467 0.999858 -0.000018 0.000000 0.000000 0.000000 1.000000
50 LeftHandRing4 49 1.000000 0.000000 0.000000 3.837044 0.000000 1.000000 0.000000 -0.148019 -0.000000 0.000000 1.000000 -0.013933 0.000000 0.000000 0.000000 1.000000
51 LeftHandPinky1 34 0.990793 -0.063833 0.119392 17.048977 0.064646 0.997904 -0.002942 0.463596 -0.118954 0.010633 0.992843 -7.393195 0.000000 0.000000 0.000000 1.000000
52 LeftHandPinky2 51 0.901742 0.430310 0.041166 3.134252 -0.430310 0.902633 -0.009315 0.000001 -0.041166 -0.009315 0.999109 -0.000001 0.000000 0.000000 0.000000 1.000000
53 LeftHandPinky3 52 0.971952 0.235178 0.000303 3.263257 -0.235178 0.971949 0.002413 -0.000001 0.000273 -0.002417 0.999997 0.000001 0.000000 0.000000 0.000000 1.000000
54 LeftHandPinky4 53 1.000000 0.000000 0.000000 2.847803 0.000000 1.000000 0.000000 0.066657 0.000000 0.000000 1.000000 -0.058488 0.000000 0.000000 0.000000 1.000000
55 LeftUpLeg 0 0.987199 -0.106760 0.118493 12.782863 -0.044143 0.531020 0.846209 -8.515770 -0.153263 -0.840607 0.519509 1.402943 0.000000 0.000000 0.000000 1.000000
56 LeftLeg 55 0.996136 -0.013703 0.086754 0.293033 0.087178 0.274309 -0.957682 -45.696617 -0.010674 0.961544 0.274443 1.647037 0.000000 0.000000 0.000000 1.000000
57 LeftFoot 56 0.998490 0.054361 0.007921 -0.279094 -0.054891 0.981512 0.183360 -49.013905 0.002193 -0.183518 0.983014 -4.511055 0.000000 0.000000 0.000000 1.000000
58 LeftToeBase 57 0.998383 0.055324 0.013071 3.214732 -0.056300 0.930481 0.361988 -9.860830 0.007864 -0.362138 0.932091 10.650737 0.000000 0.000000 0.000000 1.000000
59 LeftToe_End 58 1.000000 0.000000 0.000000 3.562373 0.000000 1.000000 -0.000000 -0.012799 0.000000 -0.000000 1.000000 12.320906 0.000000 0.000000 0.000000 1.000000
60 RightUpLeg 0 0.968673 0.108624 -0.223322 -12.810862 0.054147 0.785246 0.616812 -8.515768 0.242363 -0.609581 0.754765 1.402943 0.000000 0.000000 0.000000 1.000000
61 RightLeg 60 0.917318 -0.057833 0.393933 -0.279568 0.349592 0.590522 -0.727371 -45.696709 -0.190560 0.804946 0.561915 1.646893 0.000000 0.000000 0.000000 1.000000
62 RightFoot 61 0.968740 0.223810 0.107013 0.293614 -0.246592 0.821604 0.513964 -49.013832 0.027108 -0.524286 0.851110 -4.510909 0.000000 0.000000 0.000000 1.000000
63 RightToeBase 62 1.000000 0.000000 0.000042 -3.214732 -0.000005 0.993889 0.110386 -9.860831 -0.000042 -0.110386 0.993889 10.650737 0.000000 0.000000 0.000000 1.000000
64 RightToe_End 63 1.000000 -0.000000 0.000000 -3.562374 -0.000000 1.000000 0.000000 -0.012800 0.000000 0.000000 1.000000 12.320906 0.000000 0.000000 0.000000 1.000000
bindpose_inv
0 1.000000 0.000000 0.000000 -0.014046 -0.000000 1.000000 0.000000 -113.099930 0.000000 -0.000000 1.000000 1.635839 0.000000 0.000000 0.000000 1.000000
1 1.000000 0.000000 0.000000 -0.044914 -0.000000 1.000000 0.000000 -124.106537 0.000000 -0.000000 1.000000 1.527946 0.000000 0.000000 0.000000 1.000000
2 1.000000 0.000000 0.000000 -0.082122 -0.000000 1.000000 0.000000 -135.377534 0.000000 -0.000000 1.000000 1.425662 0.000000 0.000000 0.000000 1.000000
3 1.000000 0.000000 0.000000 -0.124645 -0.000000 1.000000 0.000000 -146.211035 0.000000 -0.000000 1.000000 1.308764 0.000000 0.000000 0.000000 1.000000
4 1.000000 0.000000 0.000000 7.966902 -0.000000 1.000000 0.000000 -171.976667 0.000000 -0.000000 1.000000 9.862841 0.000000 0.000000 0.000000 1.000000
5 1.000000 0.000000 0.000000 24.764215 -0.000000 1.000000 0.000000 -166.230453 0.000000 -0.000000 1.000000 13.745766 0.000000 0.000000 0.000000 1.000000
6 1.000000 0.000000 0.000000 50.947432 -0.000000 1.000000 0.000000 -166.456809 0.000000 -0.000000 1.000000 15.529559 0.000000 0.000000 0.000000 1.000000
7 1.000000 0.000000 0.000000 79.236731 -0.000000 1.000000 0.000000 -166.456795 0.000000 -0.000000 1.000000 15.529588 0.000000 0.000000 0.000000 1.000000
8 1.000000 0.000000 0.000000 85.619925 -0.000000 1.000000 0.000000 -163.822452 0.000000 -0.000000 1.000000 11.493381 0.000000 0.000000 0.000000 1.000000
9 1.000000 0.000000 0.000000 89.003223 -0.000000 1.000000 0.000000 -161.869108 0.000000 -0.000000 1.000000 9.540041 0.000000 0.000000 0.000000 1.000000
10 1.000000 0.000000 0.000000 91.579529 -0.000000 1.000000 0.000000 -160.381677 0.000000 -0.000000 1.000000 8.052618 0.000000 0.000000 0.000000 1.000000
11 1.000000 0.000000 0.000000 95.831154 -0.000000 1.000000 0.000000 -157.927006 0.000000 -0.000000 1.000000 5.597972 0.000000 0.000000 0.000000 1.000000
12 1.000000 0.000000 0.000000 96.603616 -0.000000 1.000000 0.000000 -167.132203 0.000000 -0.000000 1.000000 12.041156 0.000000 0.000000 0.000000 1.000000
13 1.000000 0.000000 0.000000 101.886159 -0.000000 1.000000 0.000000 -167.132203 0.000000 -0.000000 1.000000 12.041164 0.000000 0.000000 0.000000 1.000000
14 1.000000 0.000000 0.000000 104.806683 -0.000000 1.000000 0.000000 -167.132203 0.000000 -0.000000 1.000000 12.041170 0.000000 0.000000 0.000000 1.000000
15 1.000000 0.000000 0.000000 110.002134 -0.000000 1.000000 0.000000 -166.924264 0.000000 -0.000000 1.000000 12.187796 0.000000 0.000000 0.000000 1.000000
16 1.000000 0.000000 0.000000 97.379818 -0.000000 1.000000 0.000000 -166.456787 0.000000 -0.000000 1.000000 15.529564 0.000000 0.000000 0.000000 1.000000
17 1.000000 0.000000 0.000000 101.238141 -0.000000 1.000000 0.000000 -166.456829 0.000000 -0.000000 1.000000 15.529562 0.000000 0.000000 0.000000 1.000000
18 1.000000 0.000000 0.000000 107.301134 -0.000000 1.000000 0.000000 -166.456829 0.000000 -0.000000 1.000000 15.529563 0.000000 0.000000 0.000000 1.000000
19 1.000000 0.000000 0.000000 112.044591 -0.000000 1.000000 0.000000 -166.456827 0.000000 -0.000000 1.000000 15.529568 0.000000 0.000000 0.000000 1.000000
20 1.000000 0.000000 0.000000 96.756086 -0.000000 1.000000 0.000000 -167.042858 0.000000 -0.000000 1.000000 19.238606 0.000000 0.000000 0.000000 1.000000
21 1.000000 0.000000 0.000000 101.907667 -0.000000 1.000000 0.000000 -167.042855 0.000000 -0.000000 1.000000 19.238610 0.000000 0.000000 0.000000 1.000000
22 1.000000 0.000000 0.000000 106.937959 -0.000000 1.000000 0.000000 -167.042884 0.000000 -0.000000 1.000000 19.238628 0.000000 0.000000 0.000000 1.000000
23 1.000000 0.000000 0.000000 110.775003 -0.000000 1.000000 0.000000 -166.894865 0.000000 -0.000000 1.000000 19.252561 0.000000 0.000000 0.000000 1.000000
24 1.000000 0.000000 0.000000 96.285708 -0.000000 1.000000 0.000000 -166.920391 0.000000 -0.000000 1.000000 22.922783 0.000000 0.000000 0.000000 1.000000
25 1.000000 0.000000 0.000000 99.419960 -0.000000 1.000000 0.000000 -166.920392 0.000000 -0.000000 1.000000 22.922784 0.000000 0.000000 0.000000 1.000000
26 1.000000 0.000000 0.000000 102.683217 -0.000000 1.000000 0.000000 -166.920391 0.000000 -0.000000 1.000000 22.922782 0.000000 0.000000 0.000000 1.000000
27 1.000000 0.000000 0.000000 105.531020 -0.000000 1.000000 0.000000 -166.987047 0.000000 -0.000000 1.000000 22.981271 0.000000 0.000000 0.000000 1.000000
28 1.000000 0.000000 0.000000 -0.173149 -0.000000 1.000000 0.000000 -175.002981 0.000000 -0.000000 1.000000 1.884468 0.000000 0.000000 0.000000 1.000000
29 1.000000 0.000000 0.000000 -0.172897 -0.000000 1.000000 0.000000 -184.312366 0.000000 -0.000000 1.000000 -1.575626 0.000000 0.000000 0.000000 1.000000
30 1.000000 0.000000 0.000000 -0.175980 -0.000000 1.000000 0.000000 -199.399951 0.000000 -0.000000 1.000000 -7.868381 0.000000 0.000000 0.000000 1.000000
31 1.000000 0.000000 0.000000 -7.967000 -0.000000 1.000000 0.000000 -171.976667 0.000000 -0.000000 1.000000 9.862841 0.000000 0.000000 0.000000 1.000000
32 1.000000 0.000000 0.000000 -24.764313 -0.000000 1.000000 0.000000 -166.230453 0.000000 -0.000000 1.000000 13.745766 0.000000 0.000000 0.000000 1.000000
33 1.000000 0.000000 0.000000 -50.947529 -0.000000 1.000000 0.000000 -166.456809 0.000000 -0.000000 1.000000 15.529559 0.000000 0.000000 0.000000 1.000000
34 1.000000 0.000000 0.000000 -79.236828 -0.000000 1.000000 0.000000 -166.456795 0.000000 -0.000000 1.000000 15.529588 0.000000 0.000000 0.000000 1.000000
35 1.000000 0.000000 0.000000 -85.620023 -0.000000 1.000000 0.000000 -163.822452 0.000000 -0.000000 1.000000 11.493381 0.000000 0.000000 0.000000 1.000000
36 1.000000 0.000000 0.000000 -89.003320 -0.000000 1.000000 0.000000 -161.869108 0.000000 -0.000000 1.000000 9.540041 0.000000 0.000000 0.000000 1.000000
37 1.000000 0.000000 0.000000 -91.579626 -0.000000 1.000000 0.000000 -160.381677 0.000000 -0.000000 1.000000 8.052618 0.000000 0.000000 0.000000 1.000000
38 1.000000 0.000000 0.000000 -95.831250 -0.000000 1.000000 0.000000 -157.927006 0.000000 -0.000000 1.000000 5.597970 0.000000 0.000000 0.000000 1.000000
39 1.000000 0.000000 0.000000 -96.603713 -0.000000 1.000000 0.000000 -167.132203 0.000000 -0.000000 1.000000 12.041156 0.000000 0.000000 0.000000 1.000000
40 1.000000 0.000000 0.000000 -101.886256 -0.000000 1.000000 0.000000 -167.132203 0.000000 -0.000000 1.000000 12.041164 0.000000 0.000000 0.000000 1.000000
41 1.000000 0.000000 0.000000 -104.806781 -0.000000 1.000000 0.000000 -167.132203 0.000000 -0.000000 1.000000 12.041170 0.000000 0.000000 0.000000 1.000000
42 1.000000 0.000000 0.000000 -110.002231 -0.000000 1.000000 0.000000 -166.924264 0.000000 -0.000000 1.000000 12.187796 0.000000 0.000000 0.000000 1.000000
43 1.000000 0.000000 0.000000 -97.379916 -0.000000 1.000000 0.000000 -166.456787 0.000000 -0.000000 1.000000 15.529564 0.000000 0.000000 0.000000 1.000000
44 1.000000 0.000000 0.000000 -101.238238 -0.000000 1.000000 0.000000 -166.456829 0.000000 -0.000000 1.000000 15.529562 0.000000 0.000000 0.000000 1.000000
45 1.000000 0.000000 0.000000 -107.301231 -0.000000 1.000000 0.000000 -166.456829 0.000000 -0.000000 1.000000 15.529563 0.000000 0.000000 0.000000 1.000000
46 1.000000 0.000000 0.000000 -112.044688 -0.000000 1.000000 0.000000 -166.456827 0.000000 -0.000000 1.000000 15.529568 0.000000 0.000000 0.000000 1.000000
47 1.000000 0.000000 0.000000 -96.756184 -0.000000 1.000000 0.000000 -167.042858 0.000000 -0.000000 1.000000 19.238606 0.000000 0.000000 0.000000 1.000000
48 1.000000 0.000000 0.000000 -101.907765 -0.000000 1.000000 0.000000 -167.042855 0.000000 -0.000000 1.000000 19.238610 0.000000 0.000000 0.000000 1.000000
49 1.000000 0.000000 0.000000 -106.938056 -0.000000 1.000000 0.000000 -167.042884 0.000000 -0.000000 1.000000 19.238628 0.000000 0.000000 0.000000 1.000000
50 1.000000 0.000000 0.000000 -110.775100 -0.000000 1.000000 0.000000 -166.894865 0.000000 -0.000000 1.000000 19.252561 0.000000 0.000000 0.000000 1.000000
51 1.000000 0.000000 0.000000 -96.285806 -0.000000 1.000000 0.000000 -166.920391 0.000000 -0.000000 1.000000 22.922783 0.000000 0.000000 0.000000 1.000000
52 1.000000 0.000000 0.000000 -99.420057 -0.000000 1.000000 0.000000 -166.920392 0.000000 -0.000000 1.000000 22.922784 0.000000 0.000000 0.000000 1.000000
53 1.000000 0.000000 0.000000 -102.683314 -0.000000 1.000000 0.000000 -166.920391 0.000000 -0.000000 1.000000 22.922782 0.000000 0.000000 0.000000 1.000000
54 1.000000 0.000000 0.000000 -105.531117 -0.000000 1.000000 0.000000 -166.987047 0.000000 -0.000000 1.000000 22.981271 0.000000 0.000000 0.000000 1.000000
55 1.000000 0.000000 0.000000 -12.796909 -0.000000 1.000000 0.000000 -104.584160 0.000000 -0.000000 1.000000 0.232897 0.000000 0.000000 0.000000 1.000000
56 1.000000 0.000000 0.000000 -13.089942 -0.000000 1.000000 0.000000 -58.887541 0.000000 -0.000000 1.000000 -1.414140 0.000000 0.000000 0.000000 1.000000
57 1.000000 0.000000 0.000000 -12.810848 -0.000000 1.000000 0.000000 -9.873637 0.000000 -0.000000 1.000000 3.096915 0.000000 0.000000 0.000000 1.000000
58 1.000000 0.000000 0.000000 -16.025580 -0.000000 1.000000 0.000000 -0.012807 0.000000 -0.000000 1.000000 -7.553823 0.000000 0.000000 0.000000 1.000000
59 1.000000 0.000000 0.000000 -19.587954 -0.000000 1.000000 0.000000 -0.000008 0.000000 -0.000000 1.000000 -19.874729 0.000000 0.000000 0.000000 1.000000
60 1.000000 0.000000 0.000000 12.796815 -0.000000 1.000000 0.000000 -104.584162 0.000000 -0.000000 1.000000 0.232897 0.000000 0.000000 0.000000 1.000000
61 1.000000 0.000000 0.000000 13.076383 -0.000000 1.000000 0.000000 -58.887453 0.000000 -0.000000 1.000000 -1.413996 0.000000 0.000000 0.000000 1.000000
62 1.000000 0.000000 0.000000 12.782769 -0.000000 1.000000 0.000000 -9.873621 0.000000 -0.000000 1.000000 3.096913 0.000000 0.000000 0.000000 1.000000
63 1.000000 0.000000 0.000000 15.997502 -0.000000 1.000000 0.000000 -0.012790 0.000000 -0.000000 1.000000 -7.553823 0.000000 0.000000 0.000000 1.000000
64 1.000000 0.000000 0.000000 19.559875 -0.000000 1.000000 0.000000 0.000010 0.000000 -0.000000 1.000000 -19.874729 0.000000 0.000000 0.000000 1.000000
weights 17109
0 29 1.0
0 29 0.0
0 29 0.0
1 29 1.0
1 29 0.0
1 29 0.0
2 29 1.0
2 29 0.0
2 29 0.0
3 29 1.0
3 29 0.0
3 29 0.0
4 29 1.0
4 29 0.0
4 29 0.0
5 29 1.0
5 29 0.0
5 29 0.0
6 29 1.0
6 29 0.0
6 29 0.0
7 29 1.0
7 29 0.0
7 29 0.0
8 29 1.0
8 29 0.0
8 29 0.0
9 29 1.0
9 29 0.0
9 29 0.0
10 29 1.0
10 29 0.0
10 29 0.0
11 29 1.0
11 29 0.0
11 29 0.0
12 29 1.0
12 29 0.0
12 29 0.0
13 29 1.0
13 29 0.0
13 29 0.0
14 29 1.0
14 29 0.0
14 29 0.0
15 29 1.0
15 29 0.0
15 29 0.0
16 29 1.0
16 29 0.0
16 29 0.0
17 29 1.0
17 29 0.0
17 29 0.0
18 29 1.0
18 29 0.0
18 29 0.0
19 29 1.0
19 29 0.0
19 29 0.0
20 29 1.0
20 29 0.0
20 29 0.0
21 29 1.0
21 29 0.0
21 29 0.0
22 29 1.0
22 29 0.0
22 29 0.0
23 29 1.0
23 29 0.0
23 29 0.0
24 29 1.0
24 29 0.0
24 29 0.0
25 29 1.0
25 29 0.0
25 29 0.0
26 29 1.0
26 29 0.0
26 29 0.0
27 29 1.0
27 29 0.0
27 29 0.0
28 29 1.0
28 29 0.0
28 29 0.0
29 29 0.934761
29 28 0.065239
29 29 0.0
30 29 1.0
30 29 0.0
30 29 0.0
31 29 0.911225
31 28 0.088775
31 29 0.0
32 29 0.648547
32 28 0.296168
32 3 0.055285
33 29 1.0
33 29 0.0
33 29 0.0
34 29 1.0
34 29 0.0
34 29 0.0
35 29 1.0
35 29 0.0
35 29 0.0
36 29 1.0
36 29 0.0
36 29 0.0
37 29 1.0
37 29 0.0
37 29 0.0
38 29 1.0
38 29 0.0
38 29 0.0
39 29 1.0
39 29 0.0
39 29 0.0
40 29 1.0
40 29 0.0
40 29 0.0
41 29 1.0
41 29 0.0
41 29 0.0
42 29 1.0
42 29 0.0
42 29 0.0
43 29 1.0
43 29 0.0
43 29 0.0
44 29 0.46965400000000007
44 28 0.43542000000000003
44 3 0.09492600000000001
45 28 0.546421
45 29 0.27114
45 3 0.182439
46 28 0.553937
46 29 0.273113
46 3 0.17295
47 28 0.46242346242346244
47 29 0.37378437378437385
47 3 0.1637921637921638
48 29 0.4578635421364578
48 28 0.40196859803140195
48 3 0.14016785983214014
49 28 0.49052650947349047
49 3 0.32341367658632336
49 29 0.18605981394018603
50 28 0.526914
50 3 0.316149
50 29 0.156937
51 3 1.0
51 3 0.0
51 3 0.0
52 3 1.0
52 3 0.0
52 3 0.0
53 3 1.0
53 3 0.0
53 3 0.0
54 3 0.607819
54 31 0.219263
54 2 0.172918
55 3 0.632207
55 31 0.211006
55 2 0.156787
56 3 0.7533037533037533
56 31 0.14031514031514034
56 32 0.1063811063811064
57 31 0.6853766853766855
57 32 0.1758031758031758
57 3 0.13882013882013883
58 31 0.643239
58 32 0.227467
58 3 0.129294
59 31 0.588735
59 32 0.358221
59 3 0.053044
60 32 0.581996
60 31 0.405417
60 3 0.012587
61 32 0.670606
61 31 0.329394
61 32 0.0
62 32 0.612082
62 31 0.387918
62 32 0.0
63 55 0.89959
63 0 0.10041
63 55 0.0
64 55 0.876282
64 0 0.120716
64 60 0.003002
65 55 0.676199
65 0 0.323801
65 55 0.0
66 56 1.0
66 56 0.0
66 56 0.0
67 56 1.0
67 56 0.0
67 56 0.0
68 56 1.0
68 56 0.0
68 56 0.0
69 41 1.0
69 41 0.0
69 41 0.0
70 41 1.0
70 41 0.0
70 41 0.0
71 41 1.0
71 41 0.0
71 41 0.0
72 39 0.6049466049466049
72 43 0.28266928266928265
72 34 0.11238411238411238
73 39 0.4472435527564473
73 43 0.4252815747184253
73 34 0.1274748725251275
74 39 0.4746605253394747
74 34 0.32408467591532414
74 43 0.20125479874520127
75 41 1.0
75 41 0.0
75 41 0.0
76 41 1.0
76 41 0.0
76 41 0.0
77 37 1.0
77 37 0.0
77 37 0.0
78 37 1.0
78 37 0.0
78 37 0.0
79 37 1.0
79 37 0.0
79 37 0.0
80 45 1.0
80 45 0.0
80 45 0.0
81 45 1.0
81 45 0.0
81 45 0.0
82 45 1.0
82 45 0.0
82 45 0.0
83 45 1.0
83 45 0.0
83 45 0.0
84 45 1.0
84 45 0.0
84 45 0.0
85 34 0.548459
85 35 0.348484
85 33 0.103057
86 34 0.470361
86 35 0.406878
86 33 0.122761
87 34 0.43650256349743644
87 33 0.30040869959130034
87 35 0.26308873691126305
88 34 1.0
88 34 0.0
88 34 0.0
89 34 1.0
89 34 0.0
89 34 0.0
90 34 0.805656
90 33 0.194344
90 34 0.0
91 34 1.0
91 34 0.0
91 34 0.0
92 34 1.0
92 34 0.0
92 34 0.0
93 34 1.0
93 34 0.0
93 34 0.0
94 34 0.755181
94 51 0.244819
94 34 0.0
95 34 0.747369
95 51 0.252631
95 34 0.0
96 34 0.987923
96 47 0.012077
96 34 0.0
97 34 0.987365
97 47 0.00825
97 43 0.004385
98 34 0.992598
98 33 0.007402
98 34 0.0
99 57 0.657089
99 58 0.342911
99 57 0.0
100 57 0.951025
100 58 0.048975
100 57 0.0
101 57 0.799575
101 58 0.200425
101 57 0.0
102 57 0.732905
102 56 0.267095
102 57 0.0
103 57 0.748937
103 56 0.251063
103 57 0.0
104 57 0.709913
104 56 0.290087
104 57 0.0
105 58 1.0
105 58 0.0
105 58 0.0
106 58 1.0
106 58 0.0
106 58 0.0
107 58 1.0
107 58 0.0
107 58 0.0
108 29 1.0
108 29 0.0
108 29 0.0
109 29 1.0
109 29 0.0
109 29 0.0
110 29 1.0
110 29 0.0
110 29 0.0
111 29 1.0
111 29 0.0
111 29 0.0
112 29 1.0
112 29 0.0
112 29 0.0
113 29 1.0
113 29 0.0
113 29 0.0
114 29 1.0
114 29 0.0
114 29 0.0
115 29 1.0
115 29 0.0
115 29 0.0
116 29 1.0
116 29 0.0
116 29 0.0
117 29 1.0
117 29 0.0
117 29 0.0
118 29 1.0
118 29 0.0
118 29 0.0
119 29 1.0
119 29 0.0
119 29 0.0
120 29 1.0
120 29 0.0
120 29 0.0
121 29 1.0
121 29 0.0
121 29 0.0
122 29 1.0
122 29 0.0
122 29 0.0
123 29 1.0
123 29 0.0
123 29 0.0
124 29 1.0
124 29 0.0
124 29 0.0
125 29 1.0
125 29 0.0
125 29 0.0
126 29 1.0
126 29 0.0
126 29 0.0
127 29 1.0
127 29 0.0
127 29 0.0
128 29 1.0
128 29 0.0
128 29 0.0
129 29 1.0
129 29 0.0
129 29 0.0
130 29 1.0
130 29 0.0
130 29 0.0
131 29 1.0
131 29 0.0
131 29 0.0
132 29 1.0
132 29 0.0
132 29 0.0
133 29 1.0
133 29 0.0
133 29 0.0
134 29 1.0
134 29 0.0
134 29 0.0
135 29 1.0
135 29 0.0
135 29 0.0
136 29 1.0
136 29 0.0
136 29 0.0
137 29 1.0
137 29 0.0
137 29 0.0
138 29 1.0
138 29 0.0
138 29 0.0
139 29 1.0
139 29 0.0
139 29 0.0
140 29 1.0
140 29 0.0
140 29 0.0
141 29 1.0
141 29 0.0
141 29 0.0
142 29 1.0
142 29 0.0
142 29 0.0
143 29 1.0
143 29 0.0
143 29 0.0
144 29 1.0
144 29 0.0
144 29 0.0
145 29 1.0
145 29 0.0
145 29 0.0
146 29 1.0
146 29 0.0
146 29 0.0
147 29 1.0
147 29 0.0
147 29 0.0
148 29 1.0
148 29 0.0
148 29 0.0
149 29 1.0
149 29 0.0
149 29 0.0
150 29 1.0
150 29 0.0
150 29 0.0
151 29 1.0
151 29 0.0
151 29 0.0
152 29 1.0
152 29 0.0
152 29 0.0
153 29 1.0
153 29 0.0
153 29 0.0
154 29 1.0
154 29 0.0
154 29 0.0
155 29 1.0
155 29 0.0
155 29 0.0
156 29 1.0
156 29 0.0
156 29 0.0
157 29 1.0
157 29 0.0
157 29 0.0
158 29 1.0
158 29 0.0
158 29 0.0
159 29 1.0
159 29 0.0
159 29 0.0
160 29 1.0
160 29 0.0
160 29 0.0
161 29 1.0
161 29 0.0
161 29 0.0
162 29 1.0
162 29 0.0
162 29 0.0
163 29 1.0
163 29 0.0
163 29 0.0
164 29 1.0
164 29 0.0
164 29 0.0
165 29 1.0
165 29 0.0
165 29 0.0
166 29 1.0
166 29 0.0
166 29 0.0
167 29 1.0
167 29 0.0
167 29 0.0
168 29 1.0
168 29 0.0
168 29 0.0
169 29 1.0
169 29 0.0
169 29 0.0
170 29 1.0
170 29 0.0
170 29 0.0
171 29 1.0
171 29 0.0
171 29 0.0
172 29 1.0
172 29 0.0
172 29 0.0
173 29 1.0
173 29 0.0
173 29 0.0
174 29 1.0
174 29 0.0
174 29 0.0
175 29 1.0
175 29 0.0
175 29 0.0
176 29 1.0
176 29 0.0
176 29 0.0
177 29 1.0
177 29 0.0
177 29 0.0
178 29 1.0
178 29 0.0
178 29 0.0
179 29 1.0
179 29 0.0
179 29 0.0
180 29 1.0
180 29 0.0
180 29 0.0
181 29 1.0
181 29 0.0
181 29 0.0
182 29 1.0
182 29 0.0
182 29 0.0
183 29 1.0
183 29 0.0
183 29 0.0
184 29 1.0
184 29 0.0
184 29 0.0
185 29 1.0
185 29 0.0
185 29 0.0
186 29 1.0
186 29 0.0
186 29 0.0
187 29 1.0
187 29 0.0
187 29 0.0
188 29 1.0
188 29 0.0
188 29 0.0
189 29 1.0
189 29 0.0
189 29 0.0
190 29 1.0
190 29 0.0
190 29 0.0
191 29 1.0
191 29 0.0
191 29 0.0
192 29 1.0
192 29 0.0
192 29 0.0
193 29 1.0
193 29 0.0
193 29 0.0
194 29 1.0
194 29 0.0
194 29 0.0
195 29 1.0
195 29 0.0
195 29 0.0
196 29 1.0
196 29 0.0
196 29 0.0
197 29 1.0
197 29 0.0
197 29 0.0
198 29 1.0
198 29 0.0
198 29 0.0
199 29 1.0
199 29 0.0
199 29 0.0
200 29 1.0
200 29 0.0
200 29 0.0
201 29 1.0
201 29 0.0
201 29 0.0
202 29 1.0
202 29 0.0
202 29 0.0
203 29 1.0
203 29 0.0
203 29 0.0
204 29 1.0
204 29 0.0
204 29 0.0
205 29 1.0
205 29 0.0
205 29 0.0
206 29 1.0
206 29 0.0
206 29 0.0
207 29 1.0
207 29 0.0
207 29 0.0
208 29 1.0
208 29 0.0
208 29 0.0
209 29 1.0
209 29 0.0
209 29 0.0
210 29 1.0
210 29 0.0
210 29 0.0
211 29 1.0
211 29 0.0
211 29 0.0
212 29 1.0
212 29 0.0
212 29 0.0
213 29 1.0
213 29 0.0
213 29 0.0
214 29 1.0
214 29 0.0
214 29 0.0
215 29 1.0
215 29 0.0
215 29 0.0
216 29 1.0
216 29 0.0
216 29 0.0
217 29 1.0
217 29 0.0
217 29 0.0
218 29 1.0
218 29 0.0
218 29 0.0
219 29 1.0
219 29 0.0
219 29 0.0
220 29 1.0
220 29 0.0
220 29 0.0
221 29 1.0
221 29 0.0
221 29 0.0
222 29 1.0
222 29 0.0
222 29 0.0
223 29 1.0
223 29 0.0
223 29 0.0
224 29 1.0
224 29 0.0
224 29 0.0
225 29 1.0
225 29 0.0
225 29 0.0
226 29 1.0
226 29 0.0
226 29 0.0
227 29 1.0
227 29 0.0
227 29 0.0
228 29 1.0
228 29 0.0
228 29 0.0
229 29 1.0
229 29 0.0
229 29 0.0
230 29 1.0
230 29 0.0
230 29 0.0
231 29 1.0
231 29 0.0
231 29 0.0
232 29 1.0
232 29 0.0
232 29 0.0
233 29 1.0
233 29 0.0
233 29 0.0
234 29 1.0
234 29 0.0
234 29 0.0
235 29 1.0
235 29 0.0
235 29 0.0
236 29 1.0
236 29 0.0
236 29 0.0
237 29 1.0
237 29 0.0
237 29 0.0
238 29 1.0
238 29 0.0
238 29 0.0
239 29 1.0
239 29 0.0
239 29 0.0
240 29 1.0
240 29 0.0
240 29 0.0
241 29 1.0
241 29 0.0
241 29 0.0
242 29 1.0
242 29 0.0
242 29 0.0
243 29 1.0
243 29 0.0
243 29 0.0
244 29 1.0
244 29 0.0
244 29 0.0
245 29 1.0
245 29 0.0
245 29 0.0
246 29 1.0
246 29 0.0
246 29 0.0
247 29 1.0
247 29 0.0
247 29 0.0
248 29 1.0
248 29 0.0
248 29 0.0
249 29 1.0
249 29 0.0
249 29 0.0
250 29 1.0
250 29 0.0
250 29 0.0
251 29 1.0
251 29 0.0
251 29 0.0
252 29 1.0
252 29 0.0
252 29 0.0
253 29 1.0
253 29 0.0
253 29 0.0
254 29 1.0
254 29 0.0
254 29 0.0
255 29 1.0
255 29 0.0
255 29 0.0
256 29 1.0
256 29 0.0
256 29 0.0
257 29 1.0
257 29 0.0
257 29 0.0
258 29 1.0
258 29 0.0
258 29 0.0
259 29 1.0
259 29 0.0
259 29 0.0
260 29 1.0
260 29 0.0
260 29 0.0
261 29 1.0
261 29 0.0
261 29 0.0
262 29 1.0
262 29 0.0
262 29 0.0
263 29 1.0
263 29 0.0
263 29 0.0
264 29 1.0
264 29 0.0
264 29 0.0
265 29 1.0
265 29 0.0
265 29 0.0
266 29 1.0
266 29 0.0
266 29 0.0
267 29 1.0
267 29 0.0
267 29 0.0
268 29 1.0
268 29 0.0
268 29 0.0
269 29 1.0
269 29 0.0
269 29 0.0
270 29 1.0
270 29 0.0
270 29 0.0
271 29 1.0
271 29 0.0
271 29 0.0
272 29 1.0
272 29 0.0
272 29 0.0
273 29 1.0
273 29 0.0
273 29 0.0
274 29 1.0
274 29 0.0
274 29 0.0
275 29 1.0
275 29 0.0
275 29 0.0
276 29 1.0
276 29 0.0
276 29 0.0
277 29 1.0
277 29 0.0
277 29 0.0
278 29 1.0
278 29 0.0
278 29 0.0
279 29 1.0
279 29 0.0
279 29 0.0
280 29 1.0
280 29 0.0
280 29 0.0
281 29 1.0
281 29 0.0
281 29 0.0
282 29 1.0
282 29 0.0
282 29 0.0
283 29 1.0
283 29 0.0
283 29 0.0
284 29 1.0
284 29 0.0
284 29 0.0
285 29 1.0
285 29 0.0
285 29 0.0
286 29 1.0
286 29 0.0
286 29 0.0
287 29 1.0
287 29 0.0
287 29 0.0
288 29 1.0
288 29 0.0
288 29 0.0
289 29 1.0
289 29 0.0
289 29 0.0
290 29 1.0
290 29 0.0
290 29 0.0
291 29 1.0
291 29 0.0
291 29 0.0
292 29 1.0
292 29 0.0
292 29 0.0
293 29 1.0
293 29 0.0
293 29 0.0
294 29 1.0
294 29 0.0
294 29 0.0
295 29 1.0
295 29 0.0
295 29 0.0
296 29 1.0
296 29 0.0
296 29 0.0
297 29 1.0
297 29 0.0
297 29 0.0
298 29 1.0
298 29 0.0
298 29 0.0
299 29 1.0
299 29 0.0
299 29 0.0
300 29 1.0
300 29 0.0
300 29 0.0
301 29 1.0
301 29 0.0
301 29 0.0
302 29 1.0
302 29 0.0
302 29 0.0
303 29 1.0
303 29 0.0
303 29 0.0
304 29 0.941945
304 28 0.058055
304 29 0.0
305 29 1.0
305 29 0.0
305 29 0.0
306 29 1.0
306 29 0.0
306 29 0.0
307 29 0.768018
307 28 0.223448
307 3 0.008534
308 29 0.860416
308 28 0.139584
308 29 0.0
309 29 0.837218
309 28 0.162782
309 29 0.0
310 29 0.857143
310 28 0.142857
310 29 0.0
311 29 1.0
311 29 0.0
311 29 0.0
312 29 1.0
312 29 0.0
312 29 0.0
313 29 1.0
313 29 0.0
313 29 0.0
314 29 1.0
314 29 0.0
314 29 0.0
315 29 1.0
315 29 0.0
315 29 0.0
316 29 1.0
316 29 0.0
316 29 0.0
317 29 1.0
317 29 0.0
317 29 0.0
318 29 1.0
318 29 0.0
318 29 0.0
319 29 0.5494600000000001
319 28 0.40810900000000006
319 3 0.04243100000000001
320 28 0.487857
320 29 0.318233
320 3 0.19391
321 29 0.468282
321 28 0.44194
321 3 0.089778
322 28 0.587979
322 3 0.22824
322 29 0.183781
323 29 0.828026
323 28 0.171974
323 29 0.0
324 29 0.568182
324 28 0.431818
324 29 0.0
325 28 0.49492200000000003
325 3 0.25736000000000003
325 29 0.24771800000000002
326 28 0.484913825706958
326 3 0.4655176760927731
326 29 0.04956849820026887
327 28 0.5124384840613687
327 3 0.4098983211893684
327 29 0.07766319474926284
328 28 0.5604602011857802
328 3 0.38135740031266635
328 31 0.05818239850155336
329 28 0.445677
329 3 0.315688
329 29 0.238635
330 29 0.48374000000000006
330 28 0.40304500000000004
330 3 0.11321500000000001
331 28 0.4940331922521936
331 3 0.43474896801758894
331 29 0.0712178397302175
332 29 0.833333
332 28 0.166667
332 29 0.0
333 28 0.426165
333 3 0.359049
333 29 0.214786
334 29 0.41305541305541305
334 28 0.3773023773023773
334 3 0.20964220964220964
335 29 0.8281
335 28 0.1719
335 29 0.0
336 3 0.4758829592545068
336 28 0.4509961244852597
336 29 0.07312091626023344
337 3 0.41043
337 28 0.41043
337 29 0.17914
338 28 0.36639563360436644
338 29 0.3586326413673586
338 3 0.274971725028275
339 3 0.497744
339 28 0.440539
339 29 0.061717
340 3 0.41252
340 28 0.41222
340 29 0.17526
341 28 0.364971
341 29 0.361077
341 3 0.273952
342 3 0.510155
342 28 0.442655
342 29 0.04719
343 29 0.781392
343 28 0.218608
343 29 0.0
344 29 0.827526
344 28 0.172474
344 29 0.0
345 29 1.0
345 29 0.0
345 29 0.0
346 29 1.0
346 29 0.0
346 29 0.0
347 29 1.0
347 29 0.0
347 29 0.0
348 29 1.0
348 29 0.0
348 29 0.0
349 29 1.0
349 29 0.0
349 29 0.0
350 29 1.0
350 29 0.0
350 29 0.0
351 29 1.0
351 29 0.0
351 29 0.0
352 29 1.0
352 29 0.0
352 29 0.0
353 29 1.0
353 29 0.0
353 29 0.0
354 29 1.0
354 29 0.0
354 29 0.0
355 29 1.0
355 29 0.0
355 29 0.0
356 29 1.0
356 29 0.0
356 29 0.0
357 29 1.0
357 29 0.0
357 29 0.0
358 29 1.0
358 29 0.0
358 29 0.0
359 29 1.0
359 29 0.0
359 29 0.0
360 29 1.0
360 29 0.0
360 29 0.0
361 29 1.0
361 29 0.0
361 29 0.0
362 29 1.0
362 29 0.0
362 29 0.0
363 29 1.0
363 29 0.0
363 29 0.0
364 29 1.0
364 29 0.0
364 29 0.0
365 29 1.0
365 29 0.0
365 29 0.0
366 29 1.0
366 29 0.0
366 29 0.0
367 29 1.0
367 29 0.0
367 29 0.0
368 29 1.0
368 29 0.0
368 29 0.0
369 29 1.0
369 29 0.0
369 29 0.0
370 29 1.0
370 29 0.0
370 29 0.0
371 29 1.0
371 29 0.0
371 29 0.0
372 29 1.0
372 29 0.0
372 29 0.0
373 29 1.0
373 29 0.0
373 29 0.0
374 29 1.0
374 29 0.0
374 29 0.0
375 29 1.0
375 29 0.0
375 29 0.0
376 29 1.0
376 29 0.0
376 29 0.0
377 29 1.0
377 29 0.0
377 29 0.0
378 29 1.0
378 29 0.0
378 29 0.0
379 29 1.0
379 29 0.0
379 29 0.0
380 29 1.0
380 29 0.0
380 29 0.0
381 29 1.0
381 29 0.0
381 29 0.0
382 29 1.0
382 29 0.0
382 29 0.0
383 29 1.0
383 29 0.0
383 29 0.0
384 29 1.0
384 29 0.0
384 29 0.0
385 29 1.0
385 29 0.0
385 29 0.0
386 29 1.0
386 29 0.0
386 29 0.0
387 29 1.0
387 29 0.0
387 29 0.0
388 29 1.0
388 29 0.0
388 29 0.0
389 29 1.0
389 29 0.0
389 29 0.0
390 29 1.0
390 29 0.0
390 29 0.0
391 29 1.0
391 29 0.0
391 29 0.0
392 29 1.0
392 29 0.0
392 29 0.0
393 29 1.0
393 29 0.0
393 29 0.0
394 29 1.0
394 29 0.0
394 29 0.0
395 29 1.0
395 29 0.0
395 29 0.0
396 29 1.0
396 29 0.0
396 29 0.0
397 29 1.0
397 29 0.0
397 29 0.0
398 29 1.0
398 29 0.0
398 29 0.0
399 29 1.0
399 29 0.0
399 29 0.0
400 29 1.0
400 29 0.0
400 29 0.0
401 29 1.0
401 29 0.0
401 29 0.0
402 29 1.0
402 29 0.0
402 29 0.0
403 29 1.0
403 29 0.0
403 29 0.0
404 29 1.0
404 29 0.0
404 29 0.0
405 29 1.0
405 29 0.0
405 29 0.0
406 29 1.0
406 29 0.0
406 29 0.0
407 29 1.0
407 29 0.0
407 29 0.0
408 29 1.0
408 29 0.0
408 29 0.0
409 29 1.0
409 29 0.0
409 29 0.0
410 29 1.0
410 29 0.0
410 29 0.0
411 29 1.0
411 29 0.0
411 29 0.0
412 29 1.0
412 29 0.0
412 29 0.0
413 29 1.0
413 29 0.0
413 29 0.0
414 29 1.0
414 29 0.0
414 29 0.0
415 28 0.488551
415 29 0.399587
415 3 0.111862
416 29 0.696098
416 28 0.2704
416 3 0.033502
417 29 0.7839830000000001
417 28 0.18866000000000002
417 3 0.027357000000000003
418 28 0.6193120000000001
418 3 0.27917400000000003
418 29 0.10151400000000001
419 28 0.5268604278478791
419 3 0.4088092812653747
419 31 0.06433029088674627
420 29 0.974913
420 28 0.025087
420 29 0.0
421 29 0.9363
421 28 0.0637
421 29 0.0
422 29 0.913743
422 28 0.086257
422 29 0.0
423 29 0.8866040000000001
423 28 0.09930000000000001
423 3 0.014096000000000001
424 29 0.8375
424 28 0.156679
424 3 0.005821
425 29 0.871093
425 28 0.128907
425 29 0.0
426 29 0.732218
426 28 0.240532
426 3 0.02725
427 29 0.601616
427 28 0.334458
427 3 0.063926
428 29 0.478852
428 28 0.427258
428 3 0.09389
429 28 0.589956
429 3 0.335378
429 29 0.074666
430 28 0.6051996051996051
430 3 0.19756919756919755
430 29 0.1972311972311972
431 28 0.582729
431 29 0.220513
431 3 0.196758
432 28 0.521623009758603
432 3 0.43253138873209357
432 31 0.045845601509303474
433 29 0.611173
433 28 0.342889
433 3 0.045938
434 29 0.619447
434 28 0.341311
434 3 0.039242
435 28 0.610836
435 3 0.377621
435 29 0.011543
436 28 0.5753605753605753
436 3 0.36826936826936824
436 29 0.05637005637005637
437 28 0.5215310000000001
437 3 0.36096300000000003
437 29 0.11750600000000001
438 28 0.5051623342467401
438 3 0.46048622626102725
438 31 0.034351439492232703
439 28 0.52013
439 3 0.46923
439 29 0.01064
440 3 0.495788
440 28 0.495788
440 29 0.008424
441 3 0.468926
441 28 0.468926
441 29 0.062148
442 3 0.47718547718547716
442 28 0.47718547718547716
442 29 0.04562904562904563
443 3 0.5568595568595569
443 28 0.4324944324944325
443 29 0.010646010646010645
444 3 0.5
444 28 0.5
444 3 0.0
445 3 0.60241
445 28 0.39759
445 3 0.0
446 3 0.566528
446 28 0.349737
446 31 0.083735
447 3 0.512894
447 28 0.263627
447 31 0.223479
448 28 0.3927763927763928
448 3 0.39103639103639104
448 31 0.21618721618721617
449 3 0.41478858521141476
449 28 0.33965766034233963
449 31 0.24555375444624553
450 3 0.43675143675143674
450 28 0.31976831976831976
450 31 0.2434802434802435
451 3 0.501057
451 28 0.295084
451 31 0.203859
452 3 0.518236
452 28 0.36871
452 31 0.113054
453 3 0.581703
453 28 0.378911
453 31 0.039386
454 3 0.575994
454 28 0.41947
454 31 0.004536
455 3 0.658407
455 28 0.341593
455 3 0.0
456 3 0.674208
456 28 0.325792
456 3 0.0
457 3 1.0
457 3 0.0
457 3 0.0
458 3 1.0
458 3 0.0
458 3 0.0
459 3 0.5
459 28 0.5
459 3 0.0
460 3 1.0
460 3 0.0
460 3 0.0
461 3 0.5
461 28 0.5
461 3 0.0
462 3 0.841524
462 31 0.158476
462 3 0.0
463 3 1.0
463 3 0.0
463 3 0.0
464 3 1.0
464 3 0.0
464 3 0.0
465 3 1.0
465 3 0.0
465 3 0.0
466 3 0.849342
466 31 0.150658
466 3 0.0
467 3 1.0
467 3 0.0
467 3 0.0
468 3 1.0
468 3 0.0
468 3 0.0
469 3 1.0
469 3 0.0
469 3 0.0
470 3 1.0
470 3 0.0
470 3 0.0
471 3 1.0
471 3 0.0
471 3 0.0
472 3 1.0
472 3 0.0
472 3 0.0
473 3 1.0
473 3 0.0
473 3 0.0
474 3 1.0
474 3 0.0
474 3 0.0
475 3 1.0
475 3 0.0
475 3 0.0
476 3 1.0
476 3 0.0
476 3 0.0
477 3 1.0
477 3 0.0
477 3 0.0
478 3 1.0
478 3 0.0
478 3 0.0
479 3 1.0
479 3 0.0
479 3 0.0
480 3 1.0
480 3 0.0
480 3 0.0
481 3 0.916885
481 31 0.083115
481 3 0.0
482 3 0.933051
482 31 0.066949
482 3 0.0
483 3 0.967777
483 31 0.032223
483 3 0.0
484 3 1.0
484 3 0.0
484 3 0.0
485 3 1.0
485 3 0.0
485 3 0.0
486 3 1.0
486 3 0.0
486 3 0.0
487 3 1.0
487 3 0.0
487 3 0.0
488 3 0.922382
488 2 0.077618
488 3 0.0
489 3 0.879693
489 2 0.120307
489 3 0.0
490 3 1.0
490 3 0.0
490 3 0.0
491 3 0.988562
491 2 0.011438
491 3 0.0
492 3 0.894618
492 2 0.105382
492 3 0.0
493 2 0.515567
493 3 0.484433
493 2 0.0
494 3 0.529748
494 2 0.470252
494 3 0.0
495 3 0.575763
495 2 0.424237
495 3 0.0
496 3 0.993814
496 2 0.006186
496 3 0.0
497 3 0.876878
497 2 0.123122
497 3 0.0
498 2 0.614534
498 3 0.385466
498 2 0.0
499 3 1.0
499 3 0.0
499 3 0.0
500 3 1.0
500 3 0.0
500 3 0.0
501 3 1.0
501 3 0.0
501 3 0.0
502 3 0.5
502 28 0.5
502 3 0.0
503 3 0.5
503 28 0.5
503 3 0.0
504 3 1.0
504 3 0.0
504 3 0.0
505 3 1.0
505 3 0.0
505 3 0.0
506 3 1.0
506 3 0.0
506 3 0.0
507 3 1.0
507 3 0.0
507 3 0.0
508 3 1.0
508 3 0.0
508 3 0.0
509 3 1.0
509 3 0.0
509 3 0.0
510 3 1.0
510 3 0.0
510 3 0.0
511 3 1.0
511 3 0.0
511 3 0.0
