keyframes
0.000000
0.033333
0.066667
0.100000
0.133333
0.166667
0.200000
0.233333
0.266667
0.300000
0.333333
0.366667
0.400000
0.433333
0.466667
0.500000
0.533333
0.566667
0.600000
0.633333
0.666667
0.700000
0.733333
0.766667
0.800000
0.833333
0.866667
time 0
0 0.996570 -0.011980 -0.081888 0.139836 -0.016904 0.939138 -0.343123 98.600685 0.081014 0.343331 0.935714 -1.472932 0.000000 0.000000 0.000000 1.000000
1 0.994600 -0.032948 0.098412 0.030868 0.070349 0.911200 -0.405914 11.006607 -0.076299 0.410645 0.908597 0.107894 0.000000 0.000000 0.000000 1.000000
2 0.996040 -0.088384 -0.009621 0.037207 0.081987 0.954992 -0.285077 11.270997 0.034384 0.283159 0.958456 0.102284 0.000000 0.000000 0.000000 1.000000
3 0.996854 -0.079062 -0.005599 0.042523 0.074124 0.954945 -0.287376 10.833500 0.028067 0.286057 0.957802 0.116898 0.000000 0.000000 0.000000 1.000000
4 0.993291 -0.109276 0.037831 -8.091547 0.110094 0.993715 -0.020253 25.765633 -0.035380 0.024282 0.999079 -8.554077 0.000000 0.000000 0.000000 1.000000
5 0.637366 -0.375917 0.672644 -16.797314 -0.006123 0.870430 0.492254 -5.746214 -0.770537 -0.317865 0.552481 -3.882925 0.000000 0.000000 0.000000 1.000000
6 0.789400 0.008739 0.613817 -26.183216 -0.006742 0.999962 -0.005566 0.226356 -0.613842 0.000255 0.789429 -1.783792 0.000000 0.000000 0.000000 1.000000
7 0.961490 -0.181850 0.206075 -28.289299 -0.012747 0.719492 0.694384 -0.000014 -0.274543 -0.670270 0.689467 -0.000030 0.000000 0.000000 0.000000 1.000000
8 0.946694 0.076593 0.312897 -6.383195 0.073699 0.894062 -0.441838 -2.634343 -0.313591 0.441345 0.840758 4.036207 0.000000 0.000000 0.000000 1.000000
9 0.830768 0.410971 -0.375403 -3.383298 -0.405166 0.908931 0.098416 -1.953344 0.381662 0.070340 0.921622 1.953340 0.000000 0.000000 0.000000 1.000000
10 0.937257 0.267567 -0.223513 -2.576306 -0.260329 0.963539 0.061814 -1.487431 0.231903 0.000251 0.972739 1.487422 0.000000 0.000000 0.000000 1.000000
12 0.990793 0.063833 -0.119392 -17.366884 -0.064646 0.997904 -0.002942 0.675408 0.118954 0.010633 0.992843 3.488432 0.000000 0.000000 0.000000 1.000000
13 0.901742 -0.430310 -0.041166 -5.282543 0.430310 0.902633 -0.009315 0.000000 0.041166 -0.009315 0.999109 -0.000007 0.000000 0.000000 0.000000 1.000000
14 0.964139 -0.263947 0.027714 -2.920525 0.263727 0.964530 0.011396 -0.000000 -0.029739 -0.003679 0.999551 -0.000006 0.000000 0.000000 0.000000 1.000000
16 0.990793 0.063833 -0.119392 -18.143087 -0.064646 0.997904 -0.002942 -0.000008 0.118954 0.010633 0.992843 0.000024 0.000000 0.000000 0.000000 1.000000
17 0.901742 -0.430310 -0.041166 -3.858323 0.430310 0.902633 -0.009315 0.000041 0.041166 -0.009315 0.999109 0.000002 0.000000 0.000000 0.000000 1.000000
18 0.976980 -0.212359 -0.020316 -6.062993 0.212359 0.977189 -0.002182 -0.000000 0.020316 -0.002182 0.999791 -0.000001 0.000000 0.000000 0.000000 1.000000
20 0.990793 0.063833 -0.119392 -17.519356 -0.064646 0.997904 -0.002942 0.586063 0.118954 0.010633 0.992843 -3.709018 0.000000 0.000000 0.000000 1.000000
21 0.901742 -0.430310 -0.041166 -5.151581 0.430310 0.902633 -0.009315 -0.000003 0.041166 -0.009315 0.999109 -0.000004 0.000000 0.000000 0.000000 1.000000
22 0.984507 -0.174544 -0.016764 -5.030291 0.174544 0.984648 -0.001482 0.000029 0.016765 -0.001467 0.999858 -0.000018 0.000000 0.000000 0.000000 1.000000
24 0.990793 0.063833 -0.119392 -17.048977 -0.064646 0.997904 -0.002942 0.463596 0.118954 0.010633 0.992843 -7.393195 0.000000 0.000000 0.000000 1.000000
25 0.901742 -0.430310 -0.041166 -3.134252 0.430310 0.902633 -0.009315 0.000001 0.041166 -0.009315 0.999109 -0.000001 0.000000 0.000000 0.000000 1.000000
26 0.971952 -0.235177 -0.000303 -3.263257 0.235177 0.971949 0.002413 -0.000001 -0.000273 -0.002417 0.999997 0.000001 0.000000 0.000000 0.000000 1.000000
28 0.920601 0.177157 0.348008 0.048505 -0.381618 0.597182 0.705508 28.791946 -0.082838 -0.782297 0.617373 -0.575704 0.000000 0.000000 0.000000 1.000000
29 0.953975 -0.149244 -0.260112 -0.000253 0.176103 0.980860 0.083078 9.309384 0.242735 -0.125060 0.961998 3.460094 0.000000 0.000000 0.000000 1.000000
31 0.985170 0.170593 -0.018372 7.842355 -0.171295 0.984045 -0.048093 25.765633 0.009874 0.050527 0.998674 -8.554077 0.000000 0.000000 0.000000 1.000000
32 0.720401 0.475532 -0.504868 16.797314 -0.449627 0.874462 0.182075 -5.746214 0.528070 0.095835 0.843776 -3.882925 0.000000 0.000000 0.000000 1.000000
33 0.719866 -0.008749 -0.694057 26.183216 0.006129 0.999962 -0.006248 0.226356 0.694085 0.000244 0.719893 -1.783792 0.000000 0.000000 0.000000 1.000000
34 0.917044 -0.012698 -0.398583 28.289299 0.342987 0.535019 0.772085 -0.000014 0.203445 -0.844745 0.494991 -0.000030 0.000000 0.000000 0.000000 1.000000
35 0.977041 -0.074730 -0.199517 6.383195 0.150200 0.905761 0.396278 -2.634343 0.151101 -0.417148 0.896190 4.036207 0.000000 0.000000 0.000000 1.000000
36 0.890934 -0.167045 0.422294 3.383298 0.222907 0.971024 -0.086173 -1.953344 -0.395662 0.170907 0.902354 1.953340 0.000000 0.000000 0.000000 1.000000
37 0.925108 -0.089443 0.369018 2.576306 0.119897 0.990948 -0.060386 -1.487431 -0.360277 0.100108 0.927458 1.487422 0.000000 0.000000 0.000000 1.000000
39 0.990793 -0.063833 0.119392 17.366884 0.064646 0.997904 -0.002942 0.675408 -0.118954 0.010633 0.992843 3.488432 0.000000 0.000000 0.000000 1.000000
40 0.901742 0.430310 0.041166 5.282543 -0.430310 0.902633 -0.009315 0.000000 -0.041166 -0.009315 0.999109 -0.000007 0.000000 0.000000 0.000000 1.000000
41 0.964139 0.263947 -0.027714 2.920525 -0.263727 0.964530 0.011396 -0.000000 0.029739 -0.003679 0.999551 -0.000006 0.000000 0.000000 0.000000 1.000000
43 0.990793 -0.063833 0.119392 18.143087 0.064646 0.997904 -0.002942 -0.000008 -0.118954 0.010633 0.992843 0.000024 0.000000 0.000000 0.000000 1.000000
44 0.901742 0.430310 0.041166 3.858323 -0.430310 0.902633 -0.009315 0.000041 -0.041166 -0.009315 0.999109 0.000002 0.000000 0.000000 0.000000 1.000000
45 0.976980 0.212360 0.020316 6.062993 -0.212360 0.977189 -0.002182 -0.000000 -0.020316 -0.002182 0.999791 -0.000001 0.000000 0.000000 0.000000 1.000000
47 0.990793 -0.063833 0.119392 17.519356 0.064646 0.997904 -0.002942 0.586063 -0.118954 0.010633 0.992843 -3.709018 0.000000 0.000000 0.000000 1.000000
48 0.901742 0.430310 0.041166 5.151581 -0.430310 0.902633 -0.009315 -0.000003 -0.041166 -0.009315 0.999109 -0.000004 0.000000 0.000000 0.000000 1.000000
49 0.984507 0.174545 0.016764 5.030291 -0.174544 0.984648 -0.001482 0.000029 -0.016765 -0.001467 0.999858 -0.000018 0.000000 0.000000 0.000000 1.000000
51 0.990793 -0.063833 0.119392 17.048977 0.064646 0.997904 -0.002942 0.463596 -0.118954 0.010633 0.992843 -7.393195 0.000000 0.000000 0.000000 1.000000
52 0.901742 0.430310 0.041166 3.134252 -0.430310 0.902633 -0.009315 0.000001 -0.041166 -0.009315 0.999109 -0.000001 0.000000 0.000000 0.000000 1.000000
53 0.971952 0.235178 0.000303 3.263257 -0.235178 0.971949 0.002413 -0.000001 0.000273 -0.002417 0.999997 0.000001 0.000000 0.000000 0.000000 1.000000
55 0.987199 -0.106760 0.118493 12.782863 -0.044143 0.531020 0.846209 -8.515770 -0.153263 -0.840607 0.519509 1.402943 0.000000 0.000000 0.000000 1.000000
56 0.996136 -0.013703 0.086754 0.293033 0.087178 0.274309 -0.957682 -45.696617 -0.010674 0.961544 0.274443 1.647037 0.000000 0.000000 0.000000 1.000000
57 0.998490 0.054361 0.007921 -0.279094 -0.054891 0.981512 0.183360 -49.013905 0.002193 -0.183518 0.983014 -4.511055 0.000000 0.000000 0.000000 1.000000
58 0.998383 0.055324 0.013071 3.214732 -0.056300 0.930481 0.361988 -9.860830 0.007864 -0.362138 0.932091 10.650737 0.000000 0.000000 0.000000 1.000000
60 0.968673 0.108624 -0.223322 -12.810862 0.054147 0.785246 0.616812 -8.515768 0.242363 -0.609581 0.754765 1.402943 0.000000 0.000000 0.000000 1.000000
61 0.917318 -0.057833 0.393933 -0.279568 0.349592 0.590522 -0.727371 -45.696709 -0.190560 0.804946 0.561915 1.646893 0.000000 0.000000 0.000000 1.000000
62 0.968740 0.223810 0.107013 0.293614 -0.246592 0.821604 0.513964 -49.013832 0.027108 -0.524286 0.851110 -4.510909 0.000000 0.000000 0.000000 1.000000
63 1.000000 0.000000 0.000042 -3.214732 -0.000005 0.993889 0.110386 -9.860831 -0.000042 -0.110386 0.993889 10.650737 0.000000 0.000000 0.000000 1.000000
time 1
0 0.992382 -0.038854 -0.116909 -0.127691 -0.006261 0.931832 -0.362835 100.974411 0.123037 0.360803 0.924491 -1.412882 0.000000 0.000000 0.000000 1.000000
1 0.991000 0.009614 0.133514 0.030868 0.044238 0.917856 -0.394441 11.006607 -0.126339 0.396797 0.909170 0.107894 0.000000 0.000000 0.000000 1.000000
2 0.997623 -0.068823 0.003507 0.037207 0.067160 0.959604 -0.273221 11.270997 0.015439 0.272807 0.961945 0.102284 0.000000 0.000000 0.000000 1.000000
3 0.998075 -0.061744 0.005880 0.042523 0.060972 0.959366 -0.275499 10.833500 0.011370 0.275327 0.961283 0.116898 0.000000 0.000000 0.000000 1.000000
4 0.995804 -0.069984 0.058962 -8.091547 0.071475 0.997164 -0.023569 25.765633 -0.057146 0.027685 0.997982 -8.554077 0.000000 0.000000 0.000000 1.000000
5 0.639892 -0.338167 0.690059 -16.797314 -0.070591 0.868308 0.490977 -5.746214 -0.765216 -0.362884 0.531752 -3.882925 0.000000 0.000000 0.000000 1.000000
6 0.778031 0.008740 0.628165 -26.183216 -0.006641 0.999962 -0.005688 0.226356 -0.628191 0.000254 0.778059 -1.783792 0.000000 0.000000 0.000000 1.000000
7 0.957094 -0.167248 0.236641 -28.289299 -0.023896 0.768295 0.639650 -0.000014 -0.288790 -0.617860 0.731334 -0.000030 0.000000 0.000000 0.000000 1.000000
8 0.946694 0.076593 0.312897 -6.383195 0.073699 0.894062 -0.441838 -2.634343 -0.313591 0.441345 0.840758 4.036207 0.000000 0.000000 0.000000 1.000000
9 0.830767 0.410972 -0.375404 -3.383298 -0.405167 0.908930 0.098416 -1.953344 0.381662 0.070341 0.921622 1.953340 0.000000 0.000000 0.000000 1.000000
10 0.937257 0.267567 -0.223513 -2.576306 -0.260329 0.963539 0.061814 -1.487431 0.231903 0.000251 0.972739 1.487422 0.000000 0.000000 0.000000 1.000000
12 0.991062 0.058467 -0.119906 -17.366884 -0.059242 0.998239 -0.002910 0.675408 0.119525 0.009987 0.992781 3.488432 0.000000 0.000000 0.000000 1.000000
13 0.900762 -0.432339 -0.041360 -5.282543 0.432339 0.901662 -0.009408 0.000000 0.041360 -0.009408 0.999100 -0.000007 0.000000 0.000000 0.000000 1.000000
14 0.964139 -0.263947 0.027714 -2.920525 0.263727 0.964530 0.011396 -0.000000 -0.029739 -0.003679 0.999551 -0.000006 0.000000 0.000000 0.000000 1.000000
16 0.991062 0.058467 -0.119906 -18.143087 -0.059242 0.998239 -0.002910 -0.000008 0.119525 0.009987 0.992781 0.000024 0.000000 0.000000 0.000000 1.000000
17 0.900762 -0.432339 -0.041360 -3.858323 0.432339 0.901662 -0.009408 0.000041 0.041360 -0.009408 0.999100 0.000002 0.000000 0.000000 0.000000 1.000000
18 0.976980 -0.212360 -0.020316 -6.062993 0.212360 0.977189 -0.002182 -0.000000 0.020316 -0.002182 0.999791 -0.000001 0.000000 0.000000 0.000000 1.000000
20 0.991062 0.058467 -0.119906 -17.519356 -0.059242 0.998239 -0.002910 0.586063 0.119525 0.009987 0.992781 -3.709018 0.000000 0.000000 0.000000 1.000000
21 0.900762 -0.432339 -0.041360 -5.151581 0.432339 0.901662 -0.009408 -0.000003 0.041360 -0.009408 0.999100 -0.000004 0.000000 0.000000 0.000000 1.000000
22 0.984507 -0.174545 -0.016764 -5.030291 0.174545 0.984648 -0.001482 0.000029 0.016765 -0.001467 0.999858 -0.000018 0.000000 0.000000 0.000000 1.000000
24 0.991062 0.058467 -0.119906 -17.048977 -0.059242 0.998239 -0.002910 0.463596 0.119525 0.009987 0.992781 -7.393195 0.000000 0.000000 0.000000 1.000000
25 0.900762 -0.432339 -0.041360 -3.134252 0.432339 0.901662 -0.009408 0.000001 0.041360 -0.009408 0.999100 -0.000001 0.000000 0.000000 0.000000 1.000000
26 0.971952 -0.235178 -0.000303 -3.263257 0.235178 0.971949 0.002413 -0.000001 -0.000273 -0.002417 0.999997 0.000001 0.000000 0.000000 0.000000 1.000000
28 0.937304 0.158555 0.310359 0.048505 -0.336843 0.640667 0.689987 28.791946 -0.089436 -0.751269 0.653908 -0.575704 0.000000 0.000000 0.000000 1.000000
29 0.953903 -0.116512 -0.276576 -0.000253 0.157268 0.978960 0.130012 9.309384 0.255609 -0.167515 0.952157 3.460094 0.000000 0.000000 0.000000 1.000000
31 0.987599 0.146921 -0.055334 7.842355 -0.149941 0.987161 -0.055062 25.765633 0.046534 0.062676 0.996949 -8.554077 0.000000 0.000000 0.000000 1.000000
32 0.702107 0.586342 -0.404040 16.797314 -0.575605 0.801375 0.162715 -5.746214 0.419194 0.118324 0.900153 -3.882925 0.000000 0.000000 0.000000 1.000000
33 0.684202 -0.008753 -0.729240 26.183216 0.005815 0.999962 -0.006547 0.226356 0.729270 0.000239 0.684226 -1.783792 0.000000 0.000000 0.000000 1.000000
34 0.917044 -0.012698 -0.398583 28.289299 0.342986 0.535019 0.772085 -0.000014 0.203445 -0.844745 0.494992 -0.000030 0.000000 0.000000 0.000000 1.000000
35 0.977041 -0.074730 -0.199517 6.383195 0.150200 0.905761 0.396278 -2.634343 0.151101 -0.417148 0.896190 4.036207 0.000000 0.000000 0.000000 1.000000
36 0.890934 -0.167045 0.422294 3.383298 0.222906 0.971024 -0.086173 -1.953344 -0.395663 0.170907 0.902354 1.953340 0.000000 0.000000 0.000000 1.000000
37 0.925108 -0.089443 0.369018 2.576306 0.119897 0.990948 -0.060386 -1.487431 -0.360277 0.100108 0.927458 1.487422 0.000000 0.000000 0.000000 1.000000
39 0.991062 -0.058467 0.119906 17.366884 0.059242 0.998239 -0.002910 0.675408 -0.119525 0.009987 0.992781 3.488432 0.000000 0.000000 0.000000 1.000000
40 0.900762 0.432339 0.041360 5.282543 -0.432339 0.901662 -0.009408 0.000000 -0.041360 -0.009408 0.999100 -0.000007 0.000000 0.000000 0.000000 1.000000
41 0.964139 0.263947 -0.027714 2.920525 -0.263727 0.964530 0.011396 -0.000000 0.029739 -0.003679 0.999551 -0.000006 0.000000 0.000000 0.000000 1.000000
43 0.991062 -0.058467 0.119906 18.143087 0.059242 0.998239 -0.002910 -0.000008 -0.119525 0.009987 0.992781 0.000024 0.000000 0.000000 0.000000 1.000000
44 0.900762 0.432339 0.041360 3.858323 -0.432339 0.901662 -0.009408 0.000041 -0.041360 -0.009408 0.999100 0.000002 0.000000 0.000000 0.000000 1.000000
45 0.976980 0.212359 0.020316 6.062993 -0.212359 0.977189 -0.002182 -0.000000 -0.020316 -0.002182 0.999791 -0.000001 0.000000 0.000000 0.000000 1.000000
47 0.991062 -0.058467 0.119906 17.519356 0.059242 0.998239 -0.002910 0.586063 -0.119525 0.009987 0.992781 -3.709018 0.000000 0.000000 0.000000 1.000000
48 0.900762 0.432339 0.041360 5.151581 -0.432339 0.901662 -0.009408 -0.000003 -0.041360 -0.009408 0.999100 -0.000004 0.000000 0.000000 0.000000 1.000000
49 0.984507 0.174544 0.016764 5.030291 -0.174544 0.984648 -0.001482 0.000029 -0.016765 -0.001467 0.999858 -0.000018 0.000000 0.000000 0.000000 1.000000
51 0.991062 -0.058467 0.119906 17.048977 0.059242 0.998239 -0.002910 0.463596 -0.119525 0.009987 0.992781 -7.393195 0.000000 0.000000 0.000000 1.000000
52 0.900762 0.432339 0.041360 3.134252 -0.432339 0.901662 -0.009408 0.000001 -0.041360 -0.009408 0.999100 -0.000001 0.000000 0.000000 0.000000 1.000000
53 0.971952 0.235177 0.000303 3.263257 -0.235177 0.971949 0.002413 -0.000001 0.000273 -0.002417 0.999997 0.000001 0.000000 0.000000 0.000000 1.000000
55 0.989286 -0.096731 0.109349 12.782863 -0.036973 0.558583 0.828624 -8.515770 -0.141234 -0.823789 0.549022 1.402943 0.000000 0.000000 0.000000 1.000000
56 0.994788 0.008573 0.101608 0.293033 0.088574 0.421042 -0.902706 -45.696617 -0.050520 0.907000 0.418088 1.647037 0.000000 0.000000 0.000000 1.000000
57 0.995379 0.095095 0.013306 -0.279094 -0.094781 0.950841 0.294818 -49.013905 0.015384 -0.294717 0.955461 -4.511055 0.000000 0.000000 0.000000 1.000000
58 0.999825 0.018266 0.004110 3.214732 -0.018716 0.968989 0.246396 -9.860830 0.000518 -0.246429 0.969161 10.650737 0.000000 0.000000 0.000000 1.000000
60 0.957911 0.130516 -0.255681 -12.810862 0.018042 0.861534 0.507379 -8.515768 0.286499 -0.490637 0.822918 1.402943 0.000000 0.000000 0.000000 1.000000
61 0.881800 -0.053830 0.468542 -0.279568 0.368588 0.698449 -0.613442 -45.696709 -0.294231 0.713632 0.635733 1.646893 0.000000 0.000000 0.000000 1.000000
62 0.980229 0.179853 0.082487 0.293614 -0.197149 0.852283 0.484506 -49.013832 0.016837 -0.491190 0.870890 -4.510909 0.000000 0.000000 0.000000 1.000000
63 1.000000 -0.000000 0.000042 -3.214732 -0.000007 0.984338 0.176293 -9.860831 -0.000042 -0.176293 0.984338 10.650737 0.000000 0.000000 0.000000 1.000000
time 2
0 0.987109 -0.060648 -0.148117 -0.185370 -0.001267 0.922437 -0.386146 103.098129 0.160047 0.381355 0.910469 -1.108299 0.000000 0.000000 0.000000 1.000000
1 0.984981 0.054513 0.163834 0.030868 0.012968 0.922818 -0.385019 11.006607 -0.172177 0.381361 0.908251 0.107894 0.000000 0.000000 0.000000 1.000000
2 0.998805 -0.046607 0.014727 0.037207 0.048836 0.964052 -0.261187 11.270997 -0.002024 0.261594 0.965176 0.102284 0.000000 0.000000 0.000000 1.000000
3 0.999002 -0.042024 0.015129 0.042523 0.044525 0.963795 -0.262899 10.833500 -0.003533 0.263311 0.964705 0.116898 0.000000 0.000000 0.000000 1.000000
4 0.996480 -0.020365 0.081314 -8.091547 0.022821 0.999307 -0.029393 25.765633 -0.080659 0.031145 0.996255 -8.554077 0.000000 0.000000 0.000000 1.000000
5 0.651877 -0.306835 0.693475 -16.797314 -0.107879 0.867660 0.485313 -5.746214 -0.750612 -0.391176 0.532507 -3.882925 0.000000 0.000000 0.000000 1.000000
6 0.754413 0.008744 0.656341 -26.183216 -0.006433 0.999962 -0.005928 0.226356 -0.656368 0.000250 0.754441 -1.783792 0.000000 0.000000 0.000000 1.000000
7 0.952870 -0.142983 0.267572 -28.289299 -0.040305 0.814491 0.578774 -0.000014 -0.300690 -0.562281 0.770341 -0.000030 0.000000 0.000000 0.000000 1.000000
8 0.946694 0.076593 0.312897 -6.383195 0.073699 0.894062 -0.441838 -2.634343 -0.313591 0.441346 0.840758 4.036207 0.000000 0.000000 0.000000 1.000000
9 0.830767 0.410972 -0.375404 -3.383298 -0.405166 0.908930 0.098416 -1.953344 0.381662 0.070340 0.921622 1.953340 0.000000 0.000000 0.000000 1.000000
10 0.937257 0.267567 -0.223513 -2.576306 -0.260329 0.963539 0.061814 -1.487431 0.231903 0.000251 0.972739 1.487422 0.000000 0.000000 0.000000 1.000000
12 0.989463 0.084745 -0.117392 -17.366884 -0.085699 0.996316 -0.003094 0.675408 0.116697 0.013121 0.993081 3.488432 0.000000 0.000000 0.000000 1.000000
13 0.905522 -0.422372 -0.040407 -5.282543 0.422372 0.906378 -0.008956 0.000000 0.040407 -0.008956 0.999143 -0.000007 0.000000 0.000000 0.000000 1.000000
14 0.964139 -0.263947 0.027714 -2.920525 0.263727 0.964530 0.011396 -0.000000 -0.029739 -0.003679 0.999551 -0.000006 0.000000 0.000000 0.000000 1.000000
16 0.989463 0.084745 -0.117392 -18.143087 -0.085699 0.996316 -0.003094 -0.000008 0.116697 0.013121 0.993081 0.000024 0.000000 0.000000 0.000000 1.000000
17 0.905522 -0.422372 -0.040407 -3.858323 0.422372 0.906378 -0.008956 0.000041 0.040407 -0.008956 0.999143 0.000002 0.000000 0.000000 0.000000 1.000000
18 0.976980 -0.212360 -0.020315 -6.062993 0.212360 0.977189 -0.002182 -0.000000 0.020316 -0.002182 0.999791 -0.000001 0.000000 0.000000 0.000000 1.000000
20 0.989463 0.084745 -0.117392 -17.519356 -0.085699 0.996316 -0.003094 0.586063 0.116697 0.013121 0.993081 -3.709018 0.000000 0.000000 0.000000 1.000000
21 0.905522 -0.422372 -0.040407 -5.151581 0.422372 0.906378 -0.008956 -0.000003 0.040407 -0.008956 0.999143 -0.000004 0.000000 0.000000 0.000000 1.000000
22 0.984506 -0.174545 -0.016764 -5.030291 0.174545 0.984648 -0.001482 0.000029 0.016765 -0.001467 0.999858 -0.000018 0.000000 0.000000 0.000000 1.000000
24 0.989463 0.084745 -0.117392 -17.048977 -0.085699 0.996316 -0.003094 0.463596 0.116697 0.013121 0.993081 -7.393195 0.000000 0.000000 0.000000 1.000000
25 0.905522 -0.422372 -0.040407 -3.134252 0.422372 0.906378 -0.008956 0.000001 0.040407 -0.008956 0.999143 -0.000001 0.000000 0.000000 0.000000 1.000000
26 0.971952 -0.235178 -0.000303 -3.263257 0.235178 0.971949 0.002413 -0.000001 -0.000273 -0.002417 0.999997 0.000001 0.000000 0.000000 0.000000 1.000000
28 0.954773 0.122274 0.271029 0.048505 -0.285115 0.635133 0.717855 28.791946 -0.084365 -0.762664 0.641270 -0.575704 0.000000 0.000000 0.000000 1.000000
29 0.953251 -0.090968 -0.288162 -0.000253 0.131424 0.983505 0.124278 9.309384 0.272104 -0.156339 0.949483 3.460094 0.000000 0.000000 0.000000 1.000000
31 0.989854 0.115270 -0.083078 7.842355 -0.120746 0.990605 -0.064197 25.765633 0.074897 0.073577 0.994473 -8.554077 0.000000 0.000000 0.000000 1.000000
32 0.659635 0.688198 -0.302100 16.797314 -0.685327 0.715772 0.134152 -5.746214 0.308558 0.118546 0.943789 -3.882925 0.000000 0.000000 0.000000 1.000000
33 0.644117 -0.008758 -0.764877 26.183216 0.005463 0.999962 -0.006849 0.226356 0.764907 0.000233 0.644141 -1.783792 0.000000 0.000000 0.000000 1.000000
34 0.917044 -0.012698 -0.398583 28.289299 0.342986 0.535019 0.772085 -0.000014 0.203445 -0.844745 0.494992 -0.000030 0.000000 0.000000 0.000000 1.000000
35 0.977041 -0.074730 -0.199517 6.383195 0.150200 0.905761 0.396279 -2.634343 0.151101 -0.417148 0.896190 4.036207 0.000000 0.000000 0.000000 1.000000
36 0.890934 -0.167045 0.422294 3.383298 0.222906 0.971024 -0.086173 -1.953344 -0.395663 0.170907 0.902354 1.953340 0.000000 0.000000 0.000000 1.000000
37 0.925108 -0.089444 0.369018 2.576306 0.119897 0.990948 -0.060386 -1.487431 -0.360277 0.100108 0.927458 1.487422 0.000000 0.000000 0.000000 1.000000
39 0.989463 -0.084745 0.117392 17.366884 0.085699 0.996316 -0.003094 0.675408 -0.116697 0.013122 0.993081 3.488432 0.000000 0.000000 0.000000 1.000000
40 0.905522 0.422372 0.040407 5.282543 -0.422372 0.906378 -0.008956 0.000000 -0.040407 -0.008956 0.999143 -0.000007 0.000000 0.000000 0.000000 1.000000
41 0.964139 0.263948 -0.027714 2.920525 -0.263727 0.964530 0.011396 -0.000000 0.029739 -0.003679 0.999551 -0.000006 0.000000 0.000000 0.000000 1.000000
43 0.989463 -0.084745 0.117392 18.143087 0.085699 0.996316 -0.003094 -0.000008 -0.116697 0.013122 0.993081 0.000024 0.000000 0.000000 0.000000 1.000000
44 0.905522 0.422372 0.040407 3.858323 -0.422372 0.906378 -0.008956 0.000041 -0.040407 -0.008956 0.999143 0.000002 0.000000 0.000000 0.000000 1.000000
45 0.976980 0.212360 0.020316 6.062993 -0.212360 0.977189 -0.002182 -0.000000 -0.020316 -0.002182 0.999791 -0.000001 0.000000 0.000000 0.000000 1.000000
47 0.989463 -0.084745 0.117392 17.519356 0.085699 0.996316 -0.003094 0.586063 -0.116697 0.013122 0.993081 -3.709018 0.000000 0.000000 0.000000 1.000000
48 0.905522 0.422372 0.040407 5.151581 -0.422372 0.906378 -0.008956 -0.000003 -0.040407 -0.008956 0.999143 -0.000004 0.000000 0.000000 0.000000 1.000000
49 0.984507 0.174545 0.016764 5.030291 -0.174545 0.984648 -0.001482 0.000029 -0.016765 -0.001467 0.999858 -0.000018 0.000000 0.000000 0.000000 1.000000
51 0.989463 -0.084745 0.117392 17.048977 0.085699 0.996316 -0.003094 0.463596 -0.116697 0.013122 0.993081 -7.393195 0.000000 0.000000 0.000000 1.000000
52 0.905522 0.422372 0.040407 3.134252 -0.422372 0.906378 -0.008956 0.000001 -0.040407 -0.008956 0.999143 -0.000001 0.000000 0.000000 0.000000 1.000000
53 0.971952 0.235178 0.000303 3.263257 -0.235178 0.971949 0.002413 -0.000001 0.000273 -0.002417 0.999997 0.000001 0.000000 0.000000 0.000000 1.000000
55 0.991279 -0.103753 0.081254 12.782863 -0.021803 0.478958 0.877567 -8.515770 -0.129967 -0.871685 0.472519 1.402943 0.000000 0.000000 0.000000 1.000000
56 0.993710 0.029057 0.108148 0.293033 0.080291 0.488337 -0.868953 -45.696617 -0.078062 0.872171 0.482933 1.647037 0.000000 0.000000 0.000000 1.000000
57 0.992065 0.120605 0.035528 -0.279094 -0.124862 0.911923 0.390905 -49.013905 0.014747 -0.392239 0.919745 -4.511055 0.000000 0.000000 0.000000 1.000000
58 1.000000 -0.000000 0.000000 3.214732 0.000000 0.991243 -0.132053 -9.860830 -0.000000 0.132053 0.991243 10.650737 0.000000 0.000000 0.000000 1.000000
60 0.947379 0.150276 -0.282647 -12.810862 -0.023385 0.913090 0.407087 -8.515768 0.319258 -0.379056 0.868557 1.402943 0.000000 0.000000 0.000000 1.000000
61 0.869286 -0.047712 0.492001 -0.279568 0.332956 0.792182 -0.511457 -45.696709 -0.365352 0.608417 0.704519 1.646893 0.000000 0.000000 0.000000 1.000000
62 0.993949 0.075733 0.079563 0.293614 -0.100867 0.916082 0.388098 -49.013832 -0.043494 -0.393775 0.918177 -4.510909 0.000000 0.000000 0.000000 1.000000
63 1.000000 0.000000 0.000042 -3.214732 -0.000011 0.967835 0.251586 -9.860831 -0.000041 -0.251586 0.967835 10.650737 0.000000 0.000000 0.000000 1.000000
time 3
0 0.982613 -0.073197 -0.170628 -0.140665 -0.004960 0.908331 -0.418223 105.273361 0.185600 0.411797 0.892175 -0.576549 0.000000 0.000000 0.000000 1.000000
1 0.977687 0.097538 0.186052 0.030868 -0.020660 0.926021 -0.376906 11.006607 -0.209051 0.364652 0.907373 0.107894 0.000000 0.000000 0.000000 1.000000
2 0.999414 -0.023467 0.024921 0.037207 0.028964 0.967745 -0.250261 11.270997 -0.018244 0.250836 0.967858 0.102284 0.000000 0.000000 0.000000 1.000000
3 0.999496 -0.021459 0.023382 0.042523 0.026651 0.967556 -0.251246 10.833500 -0.017232 0.251743 0.967641 0.116898 0.000000 0.000000 0.000000 1.000000
4 0.994211 0.042003 0.098896 -8.091547 -0.038505 0.998573 -0.037014 25.765633 -0.100309 0.032992 0.994409 -8.554077 0.000000 0.000000 0.000000 1.000000
5 0.691494 -0.307089 0.653859 -16.797314 -0.065163 0.874936 0.479833 -5.746214 -0.719437 -0.374410 0.585003 -3.882925 0.000000 0.000000 0.000000 1.000000
6 0.703733 0.008730 0.710410 -26.183216 -0.006001 0.999962 -0.006344 0.226356 -0.710439 0.000202 0.703759 -1.783792 0.000000 0.000000 0.000000 1.000000
7 0.949859 -0.105426 0.294369 -28.289299 -0.063388 0.856970 0.511454 -0.000014 -0.306186 -0.504468 0.807318 -0.000030 0.000000 0.000000 0.000000 1.000000
8 0.946694 0.076593 0.312897 -6.383195 0.073699 0.894062 -0.441838 -2.634343 -0.313591 0.441345 0.840758 4.036207 0.000000 0.000000 0.000000 1.000000
9 0.830767 0.410972 -0.375404 -3.383298 -0.405167 0.908930 0.098416 -1.953344 0.381662 0.070341 0.921622 1.953340 0.000000 0.000000 0.000000 1.000000
10 0.937257 0.267567 -0.223513 -2.576306 -0.260329 0.963539 0.061814 -1.487431 0.231903 0.000251 0.972739 1.487422 0.000000 0.000000 0.000000 1.000000
12 0.984918 0.131053 -0.112963 -17.366884 -0.132301 0.991203 -0.003583 0.675408 0.111500 0.018474 0.993593 3.488432 0.000000 0.000000 0.000000 1.000000
13 0.913661 -0.404629 -0.038709 -5.282543 0.404629 0.914444 -0.008185 0.000000 0.038709 -0.008185 0.999217 -0.000007 0.000000 0.000000 0.000000 1.000000
14 0.964139 -0.263947 0.027714 -2.920525 0.263727 0.964530 0.011396 -0.000000 -0.029739 -0.003679 0.999551 -0.000006 0.000000 0.000000 0.000000 1.000000
16 0.984918 0.131053 -0.112963 -18.143087 -0.132301 0.991203 -0.003583 -0.000008 0.111500 0.018474 0.993593 0.000024 0.000000 0.000000 0.000000 1.000000
17 0.913661 -0.404629 -0.038709 -3.858323 0.404629 0.914444 -0.008185 0.000041 0.038709 -0.008185 0.999217 0.000002 0.000000 0.000000 0.000000 1.000000
18 0.976980 -0.212359 -0.020316 -6.062993 0.212359 0.977189 -0.002182 -0.000000 0.020316 -0.002182 0.999791 -0.000001 0.000000 0.000000 0.000000 1.000000
20 0.984918 0.131053 -0.112963 -17.519356 -0.132301 0.991203 -0.003583 0.586063 0.111500 0.018474 0.993593 -3.709018 0.000000 0.000000 0.000000 1.000000
21 0.913661 -0.404629 -0.038709 -5.151581 0.404629 0.914444 -0.008185 -0.000003 0.038709 -0.008185 0.999217 -0.000004 0.000000 0.000000 0.000000 1.000000
22 0.984507 -0.174545 -0.016764 -5.030291 0.174545 0.984648 -0.001482 0.000029 0.016765 -0.001467 0.999858 -0.000018 0.000000 0.000000 0.000000 1.000000
24 0.984918 0.131053 -0.112963 -17.048977 -0.132301 0.991203 -0.003583 0.463596 0.111500 0.018474 0.993593 -7.393195 0.000000 0.000000 0.000000 1.000000
25 0.913661 -0.404629 -0.038709 -3.134252 0.404629 0.914444 -0.008185 0.000001 0.038709 -0.008185 0.999217 -0.000001 0.000000 0.000000 0.000000 1.000000
26 0.971952 -0.235178 -0.000303 -3.263257 0.235178 0.971949 0.002414 -0.000001 -0.000273 -0.002417 0.999997 0.000001 0.000000 0.000000 0.000000 1.000000
28 0.973655 0.076739 0.214728 0.048505 -0.215721 0.615161 0.758315 28.791946 -0.073900 -0.784658 0.615509 -0.575704 0.000000 0.000000 0.000000 1.000000
29 0.955551 -0.065010 -0.287568 -0.000253 0.099281 0.989373 0.106232 9.309384 0.277605 -0.130060 0.951851 3.460094 0.000000 0.000000 0.000000 1.000000
31 0.991763 0.074111 -0.104467 7.842355 -0.082269 0.993703 -0.076069 25.765633 0.098171 0.084037 0.991615 -8.554077 0.000000 0.000000 0.000000 1.000000
32 0.599732 0.773189 -0.206156 16.797314 -0.774434 0.625679 0.093692 -5.746214 0.201429 0.103464 0.974023 -3.882925 0.000000 0.000000 0.000000 1.000000
33 0.612260 -0.008758 -0.790608 26.183216 0.005185 0.999962 -0.007062 0.226356 0.790640 0.000224 0.612282 -1.783792 0.000000 0.000000 0.000000 1.000000
34 0.917044 -0.012698 -0.398583 28.289299 0.342986 0.535019 0.772085 -0.000014 0.203445 -0.844745 0.494992 -0.000030 0.000000 0.000000 0.000000 1.000000
35 0.977041 -0.074730 -0.199517 6.383195 0.150200 0.905761 0.396278 -2.634343 0.151101 -0.417148 0.896190 4.036207 0.000000 0.000000 0.000000 1.000000
36 0.890934 -0.167045 0.422294 3.383298 0.222907 0.971024 -0.086173 -1.953344 -0.395663 0.170907 0.902354 1.953340 0.000000 0.000000 0.000000 1.000000
37 0.925108 -0.089444 0.369018 2.576306 0.119897 0.990948 -0.060386 -1.487431 -0.360277 0.100108 0.927458 1.487422 0.000000 0.000000 0.000000 1.000000
39 0.984918 -0.131053 0.112963 17.366884 0.132300 0.991203 -0.003583 0.675408 -0.111500 0.018474 0.993593 3.488432 0.000000 0.000000 0.000000 1.000000
40 0.913662 0.404628 0.038709 5.282543 -0.404628 0.914445 -0.008185 0.000000 -0.038709 -0.008185 0.999217 -0.000007 0.000000 0.000000 0.000000 1.000000
41 0.964139 0.263947 -0.027714 2.920525 -0.263727 0.964530 0.011396 -0.000000 0.029739 -0.003679 0.999551 -0.000006 0.000000 0.000000 0.000000 1.000000
43 0.984918 -0.131053 0.112963 18.143087 0.132300 0.991203 -0.003583 -0.000008 -0.111500 0.018474 0.993593 0.000024 0.000000 0.000000 0.000000 1.000000
44 0.913662 0.404628 0.038709 3.858323 -0.404628 0.914445 -0.008185 0.000041 -0.038709 -0.008185 0.999217 0.000002 0.000000 0.000000 0.000000 1.000000
45 0.976980 0.212360 0.020316 6.062993 -0.212360 0.977189 -0.002182 -0.000000 -0.020316 -0.002182 0.999791 -0.000001 0.000000 0.000000 0.000000 1.000000
47 0.984918 -0.131053 0.112963 17.519356 0.132300 0.991203 -0.003583 0.586063 -0.111500 0.018474 0.993593 -3.709018 0.000000 0.000000 0.000000 1.000000
48 0.913662 0.404628 0.038709 5.151581 -0.404628 0.914445 -0.008185 -0.000003 -0.038709 -0.008185 0.999217 -0.000004 0.000000 0.000000 0.000000 1.000000
49 0.984506 0.174545 0.016764 5.030291 -0.174545 0.984648 -0.001482 0.000029 -0.016765 -0.001467 0.999858 -0.000018 0.000000 0.000000 0.000000 1.000000
51 0.984918 -0.131053 0.112963 17.048977 0.132300 0.991203 -0.003583 0.463596 -0.111500 0.018474 0.993593 -7.393195 0.000000 0.000000 0.000000 1.000000
52 0.913662 0.404628 0.038709 3.134252 -0.404628 0.914445 -0.008185 0.000001 -0.038709 -0.008185 0.999217 -0.000001 0.000000 0.000000 0.000000 1.000000
53 0.971952 0.235178 0.000303 3.263257 -0.235178 0.971949 0.002413 -0.000001 0.000273 -0.002417 0.999997 0.000001 0.000000 0.000000 0.000000 1.000000
55 0.991684 -0.124285 0.033421 12.782863 0.013076 0.355637 0.934533 -8.515770 -0.128034 -0.926324 0.354305 1.402943 0.000000 0.000000 0.000000 1.000000
56 0.994635 0.038121 0.096162 0.293033 0.057655 0.567539 -0.821325 -45.696617 -0.085886 0.822464 0.562296 1.647037 0.000000 0.000000 0.000000 1.000000
57 0.989753 0.114679 0.085079 -0.279094 -0.140327 0.891413 0.430920 -49.013905 -0.026423 -0.438443 0.898370 -4.511055 0.000000 0.000000 0.000000 1.000000
58 0.999870 -0.016069 -0.001545 3.214732 0.015566 0.985062 -0.171496 -9.860830 0.004278 0.171449 0.985184 10.650737 0.000000 0.000000 0.000000 1.000000
60 0.942529 0.137700 -0.304429 -12.810862 -0.053520 0.961584 0.269243 -8.515768 0.329809 -0.237476 0.913691 1.402943 0.000000 0.000000 0.000000 1.000000
61 0.871325 -0.042292 0.488881 -0.279568 0.235995 0.909613 -0.341923 -45.696709 -0.430232 0.413299 0.802549 1.646893 0.000000 0.000000 0.000000 1.000000
62 0.996771 -0.018436 0.078146 0.293614 -0.003619 0.961976 0.273110 -49.013832 -0.080210 -0.272511 0.958803 -4.510909 0.000000 0.000000 0.000000 1.000000
63 0.999996 -0.002933 0.000143 -3.214732 0.002679 0.931030 0.364932 -9.860831 -0.001204 -0.364930 0.931034 10.650737 0.000000 0.000000 0.000000 1.000000
time 4
0 0.980025 -0.078137 -0.182884 -0.033579 -0.015931 0.885786 -0.463820 107.305481 0.198238 0.457469 0.866847 0.047961 0.000000 0.000000 0.000000 1.000000
1 0.970707 0.125451 0.204913 0.030868 -0.051975 0.942310 -0.330680 11.006607 -0.234575 0.310344 0.921228 0.107894 0.000000 0.000000 0.000000 1.000000
2 0.999341 -0.005411 0.035900 0.037207 0.013391 0.974049 -0.225941 11.270997 -0.033746 0.226273 0.973479 0.102284 0.000000 0.000000 0.000000 1.000000
3 0.999418 -0.005045 0.033751 0.042523 0.012565 0.973931 -0.226496 10.833500 -0.031728 0.226788 0.973427 0.116898 0.000000 0.000000 0.000000 1.000000
4 0.992404 0.075059 0.097466 -8.091547 -0.071633 0.996699 -0.038198 25.765633 -0.100012 0.030926 0.994506 -8.554077 0.000000 0.000000 0.000000 1.000000
5 0.721503 -0.361863 0.590329 -16.797314 0.027892 0.867067 0.497410 -5.746214 -0.691849 -0.342417 0.635685 -3.882925 0.000000 0.000000 0.000000 1.000000
6 0.667283 0.008755 0.744753 -26.183216 -0.005667 0.999962 -0.006678 0.226356 -0.744783 0.000236 0.667307 -1.783792 0.000000 0.000000 0.000000 1.000000
7 0.949762 -0.086214 0.300865 -28.289299 -0.061249 0.891521 0.448820 -0.000014 -0.306922 -0.444700 0.841452 -0.000030 0.000000 0.000000 0.000000 1.000000
8 0.946694 0.076593 0.312897 -6.383195 0.073699 0.894062 -0.441838 -2.634343 -0.313591 0.441346 0.840758 4.036207 0.000000 0.000000 0.000000 1.000000
9 0.830767 0.410972 -0.375404 -3.383298 -0.405166 0.908930 0.098416 -1.953344 0.381662 0.070341 0.921622 1.953340 0.000000 0.000000 0.000000 1.000000
10 0.937257 0.267567 -0.223513 -2.576306 -0.260329 0.963539 0.061814 -1.487431 0.231903 0.000251 0.972739 1.487422 0.000000 0.000000 0.000000 1.000000
12 0.973697 0.201574 -0.106215 -17.366884 -0.203215 0.979123 -0.004739 0.675408 0.103043 0.026199 0.994332 3.488432 0.000000 0.000000 0.000000 1.000000
13 0.925471 -0.377097 -0.036075 -5.282543 0.377097 0.926147 -0.007065 0.000000 0.036075 -0.007065 0.999324 -0.000007 0.000000 0.000000 0.000000 1.000000
14 0.964139 -0.263947 0.027714 -2.920525 0.263727 0.964530 0.011396 -0.000000 -0.029739 -0.003679 0.999551 -0.000006 0.000000 0.000000 0.000000 1.000000
16 0.973697 0.201574 -0.106215 -18.143087 -0.203215 0.979123 -0.004739 -0.000008 0.103043 0.026199 0.994332 0.000024 0.000000 0.000000 0.000000 1.000000
17 0.925471 -0.377097 -0.036075 -3.858323 0.377097 0.926147 -0.007065 0.000041 0.036075 -0.007065 0.999324 0.000002 0.000000 0.000000 0.000000 1.000000
18 0.976980 -0.212359 -0.020316 -6.062993 0.212359 0.977189 -0.002182 -0.000000 0.020316 -0.002182 0.999791 -0.000001 0.000000 0.000000 0.000000 1.000000
20 0.973697 0.201574 -0.106215 -17.519356 -0.203215 0.979123 -0.004739 0.586063 0.103043 0.026199 0.994332 -3.709018 0.000000 0.000000 0.000000 1.000000
21 0.925471 -0.377097 -0.036075 -5.151581 0.377097 0.926147 -0.007065 -0.000003 0.036075 -0.007065 0.999324 -0.000004 0.000000 0.000000 0.000000 1.000000
22 0.984507 -0.174544 -0.016764 -5.030291 0.174544 0.984648 -0.001482 0.000029 0.016765 -0.001467 0.999858 -0.000018 0.000000 0.000000 0.000000 1.000000
24 0.973697 0.201574 -0.106215 -17.048977 -0.203215 0.979123 -0.004739 0.463596 0.103043 0.026199 0.994332 -7.393195 0.000000 0.000000 0.000000 1.000000
25 0.925471 -0.377097 -0.036075 -3.134252 0.377097 0.926147 -0.007065 0.000001 0.036075 -0.007065 0.999324 -0.000001 0.000000 0.000000 0.000000 1.000000
26 0.971952 -0.235177 -0.000303 -3.263257 0.235177 0.971949 0.002413 -0.000001 -0.000273 -0.002417 0.999997 0.000001 0.000000 0.000000 0.000000 1.000000
28 0.987155 0.041359 0.154321 0.048505 -0.141284 0.676964 0.722329 28.791946 -0.074595 -0.734854 0.674111 -0.575704 0.000000 0.000000 0.000000 1.000000
29 0.958568 -0.021691 -0.284038 -0.000253 0.072435 0.982883 0.169393 9.309384 0.275502 -0.182948 0.943731 3.460094 0.000000 0.000000 0.000000 1.000000
31 0.992272 0.023603 -0.121816 7.842355 -0.034793 0.995283 -0.090566 25.765633 0.119103 0.094104 0.988412 -8.554077 0.000000 0.000000 0.000000 1.000000
32 0.534772 0.835605 -0.125632 16.797314 -0.838485 0.543175 0.043631 -5.746214 0.104698 0.082008 0.991117 -3.882925 0.000000 0.000000 0.000000 1.000000
33 0.594295 -0.008763 -0.804200 26.183216 0.005027 0.999962 -0.007181 0.226356 0.804232 0.000225 0.594316 -1.783792 0.000000 0.000000 0.000000 1.000000
34 0.917044 -0.012698 -0.398583 28.289299 0.342986 0.535019 0.772085 -0.000014 0.203445 -0.844744 0.494992 -0.000030 0.000000 0.000000 0.000000 1.000000
35 0.977041 -0.074730 -0.199517 6.383195 0.150200 0.905761 0.396278 -2.634343 0.151101 -0.417148 0.896190 4.036207 0.000000 0.000000 0.000000 1.000000
36 0.890934 -0.167045 0.422294 3.383298 0.222907 0.971024 -0.086173 -1.953344 -0.395662 0.170907 0.902354 1.953340 0.000000 0.000000 0.000000 1.000000
37 0.925108 -0.089444 0.369018 2.576306 0.119897 0.990948 -0.060386 -1.487431 -0.360277 0.100108 0.927458 1.487422 0.000000 0.000000 0.000000 1.000000
39 0.973697 -0.201574 0.106215 17.366884 0.203215 0.979123 -0.004739 0.675408 -0.103043 0.026199 0.994332 3.488432 0.000000 0.000000 0.000000 1.000000
40 0.925471 0.377097 0.036075 5.282543 -0.377097 0.926147 -0.007065 0.000000 -0.036075 -0.007065 0.999324 -0.000007 0.000000 0.000000 0.000000 1.000000
41 0.964139 0.263947 -0.027714 2.920525 -0.263727 0.964530 0.011396 -0.000000 0.029739 -0.003679 0.999551 -0.000006 0.000000 0.000000 0.000000 1.000000
43 0.973697 -0.201574 0.106215 18.143087 0.203215 0.979123 -0.004739 -0.000008 -0.103043 0.026199 0.994332 0.000024 0.000000 0.000000 0.000000 1.000000
44 0.925471 0.377097 0.036075 3.858323 -0.377097 0.926147 -0.007065 0.000041 -0.036075 -0.007065 0.999324 0.000002 0.000000 0.000000 0.000000 1.000000
45 0.976980 0.212359 0.020316 6.062993 -0.212359 0.977189 -0.002182 -0.000000 -0.020316 -0.002182 0.999791 -0.000001 0.000000 0.000000 0.000000 1.000000
47 0.973697 -0.201574 0.106215 17.519356 0.203215 0.979123 -0.004739 0.586063 -0.103043 0.026199 0.994332 -3.709018 0.000000 0.000000 0.000000 1.000000
48 0.925471 0.377097 0.036075 5.151581 -0.377097 0.926147 -0.007065 -0.000003 -0.036075 -0.007065 0.999324 -0.000004 0.000000 0.000000 0.000000 1.000000
49 0.984507 0.174544 0.016764 5.030291 -0.174544 0.984648 -0.001482 0.000029 -0.016765 -0.001467 0.999858 -0.000018 0.000000 0.000000 0.000000 1.000000
51 0.973697 -0.201574 0.106215 17.048977 0.203215 0.979123 -0.004739 0.463596 -0.103043 0.026199 0.994332 -7.393195 0.000000 0.000000 0.000000 1.000000
52 0.925471 0.377097 0.036075 3.134252 -0.377097 0.926147 -0.007065 0.000001 -0.036075 -0.007065 0.999324 -0.000001 0.000000 0.000000 0.000000 1.000000
53 0.971952 0.235177 0.000303 3.263257 -0.235177 0.971949 0.002413 -0.000001 0.000273 -0.002417 0.999997 0.000001 0.000000 0.000000 0.000000 1.000000
55 0.989689 -0.141654 -0.021215 12.782863 0.054033 0.232055 0.971201 -8.515770 -0.132652 -0.962333 0.237316 1.402943 0.000000 0.000000 0.000000 1.000000
56 0.995740 0.033446 0.085928 0.293033 0.043821 0.648289 -0.760132 -45.696617 -0.081129 0.760660 0.644061 1.647037 0.000000 0.000000 0.000000 1.000000
57 0.984437 0.102019 0.143095 -0.279094 -0.157926 0.870751 0.465673 -49.013905 -0.077092 -0.481024 0.873311 -4.511055 0.000000 0.000000 0.000000 1.000000
58 0.999326 -0.036633 -0.002529 3.214732 0.036041 0.991697 -0.123445 -9.860830 0.007030 0.123270 0.992348 10.650737 0.000000 0.000000 0.000000 1.000000
60 0.946925 0.106816 -0.303189 -12.810862 -0.080779 0.991982 0.097195 -8.515768 0.311140 -0.067545 0.947961 1.402943 0.000000 0.000000 0.000000 1.000000
61 0.878226 -0.060254 0.474434 -0.279568 0.108567 0.991250 -0.075079 -45.696709 -0.465759 0.117445 0.877083 1.646893 0.000000 0.000000 0.000000 1.000000
62 0.990211 -0.125316 0.061459 0.293614 0.118262 0.987155 0.107424 -49.013832 -0.074132 -0.099104 0.992312 -4.510909 0.000000 0.000000 0.000000 1.000000
63 0.999994 -0.003196 -0.001038 -3.214732 0.003334 0.904634 0.426176 -9.860831 -0.000423 -0.426177 0.904640 10.650737 0.000000 0.000000 0.000000 1.000000
time 5
0 0.979343 -0.081374 -0.185111 0.114434 -0.022575 0.865729 -0.500004 109.144485 0.200943 0.493854 0.846008 0.266007 0.000000 0.000000 0.000000 1.000000
