keyframes
0.000000
0.033333
0.066667
0.100000
0.133333
0.166667
0.200000
0.233333
0.266667
0.300000
0.333333
0.366667
0.400000
0.433333
0.466667
0.500000
0.533333
0.566667
0.600000
0.633333
0.666667
0.700000
0.733333
0.766667
0.800000
0.833333
0.866667
0.900000
0.933333
0.966667
1.000000
1.033333
1.066667
1.100000
1.133333
1.166667
1.200000
1.233333
1.266667
1.300000
1.333333
1.366667
1.400000
1.433333
time 0
0 0.989722 -0.095949 0.106035 3.053473 0.107416 0.988296 -0.108318 111.129471 -0.094400 0.118595 0.988445 -3.221037 0.000000 0.000000 0.000000 1.000000
1 0.999507 0.023917 0.020331 0.030868 -0.022192 0.996449 -0.081227 11.006607 -0.022201 0.080735 0.996488 0.107894 0.000000 0.000000 0.000000 1.000000
2 0.998224 0.049351 0.033370 0.037207 -0.042886 0.984078 -0.172485 11.270997 -0.041351 0.170747 0.984447 0.102284 0.000000 0.000000 0.000000 1.000000
3 0.998355 0.048313 0.030868 0.042523 -0.042265 0.983992 -0.173130 10.833500 -0.038738 0.171541 0.984415 0.116898 0.000000 0.000000 0.000000 1.000000
4 0.970799 -0.232805 0.057890 -8.091547 0.233863 0.972194 -0.012132 25.765633 -0.053456 0.025316 0.998249 -8.554077 0.000000 0.000000 0.000000 1.000000
5 0.808447 -0.584542 -0.068726 -16.797314 0.567504 0.805141 -0.172300 -5.746214 0.156051 0.100293 0.982644 -3.882925 0.000000 0.000000 0.000000 1.000000
6 0.376788 -0.062845 0.924165 -26.183216 -0.003137 0.997604 0.069118 0.226356 -0.926294 -0.028942 0.375687 -1.783792 0.000000 0.000000 0.000000 1.000000
7 0.957613 -0.283175 -0.052814 -28.289299 0.285924 0.912134 0.293699 -0.000014 -0.034994 -0.296351 0.954438 -0.000030 0.000000 0.000000 0.000000 1.000000
8 0.991055 -0.083294 0.104266 -6.383195 0.081940 0.996489 0.017212 -2.634343 -0.105334 -0.008515 0.994400 4.036207 0.000000 0.000000 0.000000 1.000000
9 0.943346 0.126459 -0.306768 -3.383298 -0.151873 0.986557 -0.060338 -1.953344 0.295014 0.103510 0.949870 1.953340 0.000000 0.000000 0.000000 1.000000
10 0.977171 0.123817 -0.172645 -2.576306 -0.128309 0.991620 -0.015058 -1.487431 0.169333 0.036866 0.984869 1.487422 0.000000 0.000000 0.000000 1.000000
12 0.712902 -0.675012 -0.190075 -17.366884 0.683233 0.729640 -0.028606 0.675408 0.157995 -0.109472 0.981353 3.488432 0.000000 0.000000 0.000000 1.000000
13 0.912924 -0.406275 -0.038867 -5.282543 0.406275 0.913714 -0.008255 0.000000 0.038867 -0.008255 0.999210 -0.000007 0.000000 0.000000 0.000000 1.000000
14 0.965369 -0.259357 0.028223 -2.920525 0.259137 0.965775 0.011263 -0.000000 -0.030178 -0.003560 0.999538 -0.000006 0.000000 0.000000 0.000000 1.000000
16 0.712902 -0.675012 -0.190075 -18.143087 0.683233 0.729640 -0.028606 -0.000008 0.157995 -0.109472 0.981353 0.000024 0.000000 0.000000 0.000000 1.000000
17 0.912924 -0.406275 -0.038867 -3.858323 0.406275 0.913714 -0.008255 0.000041 0.038867 -0.008255 0.999210 0.000002 0.000000 0.000000 0.000000 1.000000
18 0.977989 -0.207709 -0.019871 -6.062993 0.207709 0.978188 -0.002087 -0.000000 0.019871 -0.002087 0.999800 -0.000001 0.000000 0.000000 0.000000 1.000000
20 0.712902 -0.675012 -0.190075 -17.519356 0.683233 0.729640 -0.028606 0.586063 0.157995 -0.109472 0.981353 -3.709018 0.000000 0.000000 0.000000 1.000000
21 0.912924 -0.406275 -0.038867 -5.151581 0.406275 0.913714 -0.008255 -0.000003 0.038867 -0.008255 0.999210 -0.000004 0.000000 0.000000 0.000000 1.000000
22 0.985333 -0.169859 -0.016316 -5.030291 0.169859 0.985467 -0.001403 0.000029 0.016317 -0.001389 0.999866 -0.000018 0.000000 0.000000 0.000000 1.000000
24 0.712902 -0.675012 -0.190075 -17.048977 0.683233 0.729640 -0.028606 0.463596 0.157995 -0.109472 0.981353 -7.393195 0.000000 0.000000 0.000000 1.000000
25 0.912924 -0.406275 -0.038867 -3.134252 0.406275 0.913714 -0.008255 0.000001 0.038867 -0.008255 0.999210 -0.000001 0.000000 0.000000 0.000000 1.000000
26 0.973060 -0.230552 0.000164 -3.263257 0.230551 0.973057 0.002414 -0.000001 -0.000716 -0.002311 0.999997 0.000001 0.000000 0.000000 0.000000 1.000000
28 0.996216 -0.057823 -0.064892 0.048505 0.056885 0.998249 -0.016209 28.791946 0.065716 0.012457 0.997761 -0.575704 0.000000 0.000000 0.000000 1.000000
29 0.984040 0.050481 -0.170636 -0.000253 0.013513 0.934950 0.354521 9.309384 0.177432 -0.351169 0.919347 3.460094 0.000000 0.000000 0.000000 1.000000
31 0.991898 0.126186 -0.014652 7.842355 -0.126330 0.991944 -0.009386 25.765633 0.013350 0.011161 0.999849 -8.554077 0.000000 0.000000 0.000000 1.000000
32 0.754551 0.540539 -0.372117 16.797314 -0.540757 0.833404 0.114100 -5.746214 0.371799 0.115131 0.921146 -3.882925 0.000000 0.000000 0.000000 1.000000
33 0.574385 0.003927 -0.818576 26.183216 0.004853 0.999955 0.008203 0.226356 0.818571 -0.008684 0.574339 -1.783792 0.000000 0.000000 0.000000 1.000000
34 0.962549 0.196980 -0.186273 28.289299 -0.148076 0.957531 0.247401 -0.000014 0.227095 -0.210553 0.950839 -0.000030 0.000000 0.000000 0.000000 1.000000
35 0.991055 0.083294 -0.104266 6.383195 -0.081940 0.996489 0.017212 -2.634343 0.105334 -0.008515 0.994400 4.036207 0.000000 0.000000 0.000000 1.000000
36 0.943346 -0.126459 0.306768 3.383298 0.151873 0.986557 -0.060338 -1.953344 -0.295014 0.103510 0.949870 1.953340 0.000000 0.000000 0.000000 1.000000
37 0.977171 -0.123817 0.172644 2.576306 0.128308 0.991620 -0.015058 -1.487431 -0.169333 0.036866 0.984869 1.487422 0.000000 0.000000 0.000000 1.000000
39 0.699912 0.688125 0.191329 17.366884 -0.696606 0.716833 -0.029831 0.675408 -0.157678 -0.112402 0.981073 3.488432 0.000000 0.000000 0.000000 1.000000
40 0.912924 0.406275 0.038867 5.282543 -0.406275 0.913714 -0.008255 0.000000 -0.038867 -0.008255 0.999210 -0.000007 0.000000 0.000000 0.000000 1.000000
41 0.965369 0.259358 -0.028223 2.920525 -0.259137 0.965775 0.011263 -0.000000 0.030178 -0.003560 0.999538 -0.000006 0.000000 0.000000 0.000000 1.000000
43 0.699912 0.688125 0.191329 18.143087 -0.696606 0.716833 -0.029831 -0.000008 -0.157678 -0.112402 0.981073 0.000024 0.000000 0.000000 0.000000 1.000000
44 0.912924 0.406275 0.038867 3.858323 -0.406275 0.913714 -0.008255 0.000041 -0.038867 -0.008255 0.999210 0.000002 0.000000 0.000000 0.000000 1.000000
45 0.977989 0.207710 0.019871 6.062993 -0.207710 0.978188 -0.002086 -0.000000 -0.019871 -0.002087 0.999800 -0.000001 0.000000 0.000000 0.000000 1.000000
47 0.699912 0.688125 0.191329 17.519356 -0.696606 0.716833 -0.029831 0.586063 -0.157678 -0.112402 0.981073 -3.709018 0.000000 0.000000 0.000000 1.000000
48 0.912924 0.406275 0.038867 5.151581 -0.406275 0.913714 -0.008255 -0.000003 -0.038867 -0.008255 0.999210 -0.000004 0.000000 0.000000 0.000000 1.000000
49 0.985333 0.169859 0.016316 5.030291 -0.169859 0.985467 -0.001403 0.000029 -0.016317 -0.001389 0.999866 -0.000018 0.000000 0.000000 0.000000 1.000000
51 0.699912 0.688125 0.191329 17.048977 -0.696606 0.716833 -0.029831 0.463596 -0.157678 -0.112402 0.981073 -7.393195 0.000000 0.000000 0.000000 1.000000
52 0.912924 0.406275 0.038867 3.134252 -0.406275 0.913714 -0.008255 0.000001 -0.038867 -0.008255 0.999210 -0.000001 0.000000 0.000000 0.000000 1.000000
53 0.973060 0.230552 -0.000164 3.263257 -0.230551 0.973057 0.002414 -0.000001 0.000716 -0.002311 0.999997 0.000001 0.000000 0.000000 0.000000 1.000000
55 0.992673 0.015900 0.119777 12.782863 -0.079161 0.834507 0.545281 -8.515770 -0.091285 -0.550768 0.829651 1.402943 0.000000 0.000000 0.000000 1.000000
56 0.986497 0.029725 -0.161059 0.293033 -0.152056 0.531589 -0.833242 -45.696617 0.060849 0.846480 0.528931 1.647037 0.000000 0.000000 0.000000 1.000000
57 0.996019 0.085908 0.023792 -0.279094 -0.088772 0.980202 0.176984 -49.013905 -0.008116 -0.178391 0.983926 -4.511055 0.000000 0.000000 0.000000 1.000000
58 0.999992 -0.003181 0.002279 3.214732 0.003145 0.999878 0.015292 -9.860830 -0.002327 -0.015285 0.999880 10.650737 0.000000 0.000000 0.000000 1.000000
60 0.976195 0.178773 -0.122813 -12.810862 -0.135419 0.944681 0.298730 -8.515768 0.169424 -0.274987 0.946402 1.402943 0.000000 0.000000 0.000000 1.000000
61 0.990032 0.021808 -0.139144 -0.279568 -0.075039 0.917717 -0.390082 -45.696709 0.119188 0.396635 0.910206 1.646893 0.000000 0.000000 0.000000 1.000000
62 0.994907 -0.099152 -0.018160 0.293614 0.100734 0.971413 0.214965 -49.013832 -0.003674 -0.215699 0.976453 -4.510909 0.000000 0.000000 0.000000 1.000000
63 1.000000 0.000310 -0.000068 -3.214732 -0.000310 1.000000 0.000197 -9.860831 0.000068 -0.000197 1.000000 10.650737 0.000000 0.000000 0.000000 1.000000
time 1
0 0.989853 -0.104567 0.096209 2.708625 0.113049 0.989738 -0.087398 111.386932 -0.086083 0.097387 0.991517 -3.753849 0.000000 0.000000 0.000000 1.000000
1 0.999108 0.028321 0.031308 0.030868 -0.025621 0.996177 -0.083512 11.006607 -0.033554 0.082635 0.996015 0.107894 0.000000 0.000000 0.000000 1.000000
2 0.996716 0.062079 0.051991 0.037207 -0.051788 0.982292 -0.180056 11.270997 -0.062248 0.176772 0.982281 0.102284 0.000000 0.000000 0.000000 1.000000
3 0.996916 0.061095 0.049260 0.042523 -0.051245 0.982143 -0.181023 10.833500 -0.059440 0.177940 0.982244 0.116898 0.000000 0.000000 0.000000 1.000000
4 0.973248 -0.221010 0.062788 -8.091547 0.222165 0.974936 -0.011965 25.765633 -0.058570 0.025594 0.997955 -8.554077 0.000000 0.000000 0.000000 1.000000
5 0.818154 -0.572080 -0.057875 -16.797314 0.554585 0.811681 -0.183328 -5.746214 0.151854 0.117893 0.981347 -3.882925 0.000000 0.000000 0.000000 1.000000
6 0.348507 -0.034824 0.936659 -26.183216 -0.002876 0.999265 0.038222 0.226356 -0.937302 -0.016014 0.348151 -1.783792 0.000000 0.000000 0.000000 1.000000
7 0.961750 -0.273920 -0.001997 -28.289299 0.259597 0.909087 0.325837 -0.000014 -0.087438 -0.313893 0.945424 -0.000030 0.000000 0.000000 0.000000 1.000000
8 0.991055 -0.083294 0.104266 -6.383195 0.081940 0.996489 0.017212 -2.634343 -0.105334 -0.008515 0.994400 4.036207 0.000000 0.000000 0.000000 1.000000
9 0.943346 0.126459 -0.306768 -3.383298 -0.151873 0.986557 -0.060338 -1.953344 0.295014 0.103510 0.949870 1.953340 0.000000 0.000000 0.000000 1.000000
10 0.977171 0.123817 -0.172645 -2.576306 -0.128308 0.991620 -0.015058 -1.487431 0.169333 0.036866 0.984869 1.487422 0.000000 0.000000 0.000000 1.000000
12 0.727902 -0.659243 -0.188566 -17.366884 0.667158 0.744420 -0.027192 0.675408 0.158298 -0.106010 0.981684 3.488432 0.000000 0.000000 0.000000 1.000000
13 0.912924 -0.406275 -0.038867 -5.282543 0.406275 0.913714 -0.008255 0.000000 0.038867 -0.008255 0.999210 -0.000007 0.000000 0.000000 0.000000 1.000000
14 0.965369 -0.259357 0.028223 -2.920525 0.259137 0.965775 0.011263 -0.000000 -0.030178 -0.003560 0.999538 -0.000006 0.000000 0.000000 0.000000 1.000000
16 0.727902 -0.659243 -0.188566 -18.143087 0.667158 0.744420 -0.027192 -0.000008 0.158298 -0.106010 0.981684 0.000024 0.000000 0.000000 0.000000 1.000000
17 0.912924 -0.406275 -0.038867 -3.858323 0.406275 0.913714 -0.008255 0.000041 0.038867 -0.008255 0.999210 0.000002 0.000000 0.000000 0.000000 1.000000
18 0.977989 -0.207709 -0.019871 -6.062993 0.207709 0.978188 -0.002087 -0.000000 0.019871 -0.002087 0.999800 -0.000001 0.000000 0.000000 0.000000 1.000000
20 0.727902 -0.659243 -0.188566 -17.519356 0.667158 0.744420 -0.027192 0.586063 0.158298 -0.106010 0.981684 -3.709018 0.000000 0.000000 0.000000 1.000000
21 0.912924 -0.406275 -0.038867 -5.151581 0.406275 0.913714 -0.008255 -0.000003 0.038867 -0.008255 0.999210 -0.000004 0.000000 0.000000 0.000000 1.000000
22 0.985333 -0.169859 -0.016316 -5.030291 0.169859 0.985467 -0.001403 0.000029 0.016317 -0.001389 0.999866 -0.000018 0.000000 0.000000 0.000000 1.000000
24 0.727902 -0.659243 -0.188566 -17.048977 0.667158 0.744420 -0.027192 0.463596 0.158298 -0.106010 0.981684 -7.393195 0.000000 0.000000 0.000000 1.000000
25 0.912924 -0.406275 -0.038867 -3.134252 0.406275 0.913714 -0.008255 0.000001 0.038867 -0.008255 0.999210 -0.000001 0.000000 0.000000 0.000000 1.000000
26 0.973060 -0.230552 0.000164 -3.263257 0.230551 0.973057 0.002414 -0.000001 -0.000716 -0.002311 0.999997 0.000001 0.000000 0.000000 0.000000 1.000000
28 0.995834 -0.063248 -0.065687 0.048505 0.062757 0.997983 -0.009518 28.791946 0.066157 0.005356 0.997795 -0.575704 0.000000 0.000000 0.000000 1.000000
29 0.977436 0.050902 -0.205007 -0.000253 0.024906 0.935988 0.351149 9.309384 0.209758 -0.348331 0.913601 3.460094 0.000000 0.000000 0.000000 1.000000
31 0.988563 0.150193 -0.013574 7.842355 -0.150333 0.988586 -0.009896 25.765633 0.011933 0.011823 0.999859 -8.554077 0.000000 0.000000 0.000000 1.000000
32 0.820895 0.465962 -0.330169 16.797314 -0.479221 0.876513 0.045527 -5.746214 0.310611 0.120851 0.942823 -3.882925 0.000000 0.000000 0.000000 1.000000
33 0.523979 -0.008507 -0.851689 26.183216 0.004416 0.999964 -0.007272 0.226356 0.851720 0.000049 0.523998 -1.783792 0.000000 0.000000 0.000000 1.000000
34 0.957436 0.208372 -0.199742 28.289299 -0.140090 0.940485 0.309618 -0.000014 0.252370 -0.268458 0.929645 -0.000030 0.000000 0.000000 0.000000 1.000000
35 0.989200 0.088447 -0.116877 6.383195 -0.086312 0.995998 0.023213 -2.634343 0.118462 -0.012874 0.992875 4.036207 0.000000 0.000000 0.000000 1.000000
36 0.938173 -0.112250 0.327461 3.383298 0.143861 0.986836 -0.073884 -1.953344 -0.314857 0.116425 0.941972 1.953340 0.000000 0.000000 0.000000 1.000000
37 0.975330 -0.124996 0.181952 2.576306 0.130389 0.991301 -0.017936 -1.487431 -0.178127 0.041218 0.983144 1.487422 0.000000 0.000000 0.000000 1.000000
39 0.688768 0.698994 0.192369 17.366884 -0.707696 0.705842 -0.030882 0.675408 -0.157369 -0.114868 0.980837 3.488432 0.000000 0.000000 0.000000 1.000000
40 0.906394 0.420514 0.040229 5.282543 -0.420514 0.907242 -0.008874 0.000000 -0.040229 -0.008874 0.999151 -0.000007 0.000000 0.000000 0.000000 1.000000
41 0.961233 0.274444 -0.026692 2.920525 -0.274236 0.961597 0.011231 -0.000000 0.028750 -0.003476 0.999581 -0.000006 0.000000 0.000000 0.000000 1.000000
43 0.682340 0.705111 0.192954 18.143087 -0.713939 0.699500 -0.031489 -0.000008 -0.157174 -0.116271 0.980702 0.000024 0.000000 0.000000 0.000000 1.000000
44 0.902571 0.428584 0.041001 3.858323 -0.428584 0.903455 -0.009236 0.000041 -0.041001 -0.009236 0.999116 0.000002 0.000000 0.000000 0.000000 1.000000
45 0.972540 0.231678 0.022164 6.062993 -0.231678 0.972789 -0.002603 -0.000000 -0.022164 -0.002603 0.999751 -0.000001 0.000000 0.000000 0.000000 1.000000
47 0.676449 0.710621 0.193481 17.519356 -0.719564 0.693687 -0.032045 0.586063 -0.156987 -0.117545 0.980581 -3.709018 0.000000 0.000000 0.000000 1.000000
48 0.899033 0.435890 0.041700 5.151581 -0.435890 0.899949 -0.009571 -0.000003 -0.041700 -0.009572 0.999084 -0.000004 0.000000 0.000000 0.000000 1.000000
49 0.979200 0.201968 0.019387 5.030291 -0.201968 0.979390 -0.001987 0.000029 -0.019389 -0.001970 0.999810 -0.000018 0.000000 0.000000 0.000000 1.000000
51 0.665134 0.720956 0.194470 17.048977 -0.730118 0.682518 -0.033114 0.463596 -0.156603 -0.119961 0.980349 -7.393195 0.000000 0.000000 0.000000 1.000000
52 0.899033 0.435890 0.041700 3.134252 -0.435890 0.899949 -0.009571 0.000001 -0.041700 -0.009572 0.999084 -0.000001 0.000000 0.000000 0.000000 1.000000
53 0.965003 0.262220 0.003041 3.263257 -0.262228 0.965003 0.002366 -0.000001 -0.002314 -0.003081 0.999993 0.000001 0.000000 0.000000 0.000000 1.000000
55 0.993494 0.025586 0.110975 12.782863 -0.084646 0.817801 0.569243 -8.515770 -0.076191 -0.574933 0.814646 1.402943 0.000000 0.000000 0.000000 1.000000
56 0.990314 0.047651 -0.130409 0.293033 -0.131795 0.618070 -0.774996 -45.696617 0.043673 0.784678 0.618364 1.647037 0.000000 0.000000 0.000000 1.000000
57 0.995871 0.087793 0.023112 -0.279094 -0.090456 0.981209 0.170430 -49.013905 -0.007715 -0.171817 0.985099 -4.511055 0.000000 0.000000 0.000000 1.000000
58 0.999896 0.004766 -0.013625 3.214732 -0.004283 0.999369 0.035268 -9.860830 0.013785 -0.035206 0.999285 10.650737 0.000000 0.000000 0.000000 1.000000
60 0.974611 0.174833 -0.139879 -12.810862 -0.143268 0.967044 0.210474 -8.515768 0.172067 -0.185090 0.967540 1.402943 0.000000 0.000000 0.000000 1.000000
61 0.992050 0.023547 -0.123622 -0.279568 -0.065397 0.935745 -0.346562 -45.696709 0.107518 0.351891 0.929845 1.646893 0.000000 0.000000 0.000000 1.000000
62 0.994806 -0.099568 -0.021168 0.293614 0.101734 0.965441 0.239944 -49.013832 -0.003454 -0.240851 0.970556 -4.510909 0.000000 0.000000 0.000000 1.000000
63 0.999999 0.001412 0.000991 -3.214732 -0.001411 0.999999 -0.000398 -9.860831 -0.000991 0.000397 0.999999 10.650737 0.000000 0.000000 0.000000 1.000000
time 2
0 0.990705 -0.106740 0.084317 2.509622 0.113278 0.990576 -0.076986 111.136597 -0.075304 0.085822 0.993461 -4.279606 0.000000 0.000000 0.000000 1.000000
1 0.998676 0.031201 0.040887 0.030868 -0.027638 0.995999 -0.084989 11.006607 -0.043375 0.083746 0.995543 0.107894 0.000000 0.000000 0.000000 1.000000
2 0.995240 0.071451 0.066279 0.037207 -0.058015 0.980800 -0.186189 11.270997 -0.078310 0.181457 0.980276 0.102284 0.000000 0.000000 0.000000 1.000000
3 0.995512 0.070324 0.063333 0.042523 -0.057343 0.980593 -0.187479 10.833500 -0.075288 0.183006 0.980225 0.116898 0.000000 0.000000 0.000000 1.000000
4 0.975753 -0.206485 0.072599 -8.091547 0.207849 0.978091 -0.011677 25.765633 -0.068598 0.026483 0.997293 -8.554077 0.000000 0.000000 0.000000 1.000000
5 0.832799 -0.552316 -0.037328 -16.797314 0.537606 0.823014 -0.183380 -5.746214 0.132005 0.132651 0.982333 -3.882925 0.000000 0.000000 0.000000 1.000000
6 0.328698 -0.014546 0.944323 -26.183216 -0.002689 0.999863 0.016338 0.226356 -0.944431 -0.007909 0.328613 -1.783792 0.000000 0.000000 0.000000 1.000000
7 0.963871 -0.263276 0.040484 -28.289299 0.232255 0.905076 0.356224 -0.000014 -0.130427 -0.333952 0.933523 -0.000030 0.000000 0.000000 0.000000 1.000000
8 0.991055 -0.083294 0.104266 -6.383195 0.081940 0.996489 0.017212 -2.634343 -0.105334 -0.008515 0.994400 4.036207 0.000000 0.000000 0.000000 1.000000
9 0.943346 0.126459 -0.306768 -3.383298 -0.151873 0.986557 -0.060338 -1.953344 0.295013 0.103510 0.949870 1.953340 0.000000 0.000000 0.000000 1.000000
10 0.977171 0.123817 -0.172645 -2.576306 -0.128309 0.991620 -0.015058 -1.487431 0.169334 0.036866 0.984869 1.487422 0.000000 0.000000 0.000000 1.000000
12 0.742709 -0.642970 -0.187010 -17.366884 0.650579 0.759001 -0.025797 0.675408 0.158527 -0.102505 0.982019 3.488432 0.000000 0.000000 0.000000 1.000000
13 0.912924 -0.406275 -0.038867 -5.282543 0.406275 0.913714 -0.008255 0.000000 0.038867 -0.008255 0.999210 -0.000007 0.000000 0.000000 0.000000 1.000000
14 0.965369 -0.259357 0.028223 -2.920525 0.259137 0.965775 0.011263 -0.000000 -0.030178 -0.003560 0.999538 -0.000006 0.000000 0.000000 0.000000 1.000000
16 0.742709 -0.642970 -0.187010 -18.143087 0.650579 0.759001 -0.025797 -0.000008 0.158527 -0.102505 0.982019 0.000024 0.000000 0.000000 0.000000 1.000000
17 0.912924 -0.406275 -0.038867 -3.858323 0.406275 0.913714 -0.008255 0.000041 0.038867 -0.008255 0.999210 0.000002 0.000000 0.000000 0.000000 1.000000
18 0.977989 -0.207709 -0.019871 -6.062993 0.207709 0.978188 -0.002087 -0.000000 0.019871 -0.002087 0.999800 -0.000001 0.000000 0.000000 0.000000 1.000000
20 0.742709 -0.642970 -0.187009 -17.519356 0.650578 0.759001 -0.025797 0.586063 0.158527 -0.102504 0.982019 -3.709018 0.000000 0.000000 0.000000 1.000000
21 0.912924 -0.406275 -0.038867 -5.151581 0.406275 0.913714 -0.008255 -0.000003 0.038867 -0.008255 0.999210 -0.000004 0.000000 0.000000 0.000000 1.000000
22 0.985333 -0.169859 -0.016316 -5.030291 0.169859 0.985467 -0.001403 0.000029 0.016317 -0.001389 0.999866 -0.000018 0.000000 0.000000 0.000000 1.000000
24 0.742709 -0.642970 -0.187010 -17.048977 0.650579 0.759001 -0.025797 0.463596 0.158527 -0.102505 0.982019 -7.393195 0.000000 0.000000 0.000000 1.000000
25 0.912924 -0.406275 -0.038867 -3.134252 0.406275 0.913714 -0.008255 0.000001 0.038867 -0.008255 0.999210 -0.000001 0.000000 0.000000 0.000000 1.000000
26 0.973060 -0.230552 0.000164 -3.263257 0.230551 0.973057 0.002414 -0.000001 -0.000716 -0.002311 0.999997 0.000001 0.000000 0.000000 0.000000 1.000000
28 0.995426 -0.066172 -0.068909 0.048505 0.066031 0.997808 -0.004316 28.791946 0.069043 -0.000253 0.997614 -0.575704 0.000000 0.000000 0.000000 1.000000
29 0.972846 0.054091 -0.225046 -0.000253 0.030618 0.933689 0.356774 9.309384 0.229421 -0.353976 0.906679 3.460094 0.000000 0.000000 0.000000 1.000000
31 0.983543 0.180531 -0.007222 7.842355 -0.180601 0.983500 -0.010518 25.765633 0.005204 0.011650 0.999919 -8.554077 0.000000 0.000000 0.000000 1.000000
32 0.877659 0.396095 -0.269860 16.797314 -0.413504 0.910463 -0.008469 -5.746214 0.242343 0.119021 0.962862 -3.882925 0.000000 0.000000 0.000000 1.000000
33 0.494746 -0.019208 -0.868825 26.183216 0.004108 0.999796 -0.019764 0.226356 0.869028 0.006209 0.494724 -1.783792 0.000000 0.000000 0.000000 1.000000
34 0.942174 0.231466 -0.242345 28.289299 -0.132051 0.921065 0.366336 -0.000014 0.308010 -0.313151 0.898369 -0.000030 0.000000 0.000000 0.000000 1.000000
35 0.986841 0.094417 -0.131267 6.383195 -0.091222 0.995374 0.030157 -2.634343 0.133507 -0.017785 0.990888 4.036207 0.000000 0.000000 0.000000 1.000000
36 0.931530 -0.095533 0.350893 3.383298 0.134818 0.986844 -0.089231 -1.953344 -0.337752 0.130428 0.932155 1.953340 0.000000 0.000000 0.000000 1.000000
37 0.973115 -0.126296 0.192604 2.576306 0.132804 0.990915 -0.021209 -1.487431 -0.188176 0.046218 0.981047 1.487422 0.000000 0.000000 0.000000 1.000000
39 0.675787 0.711235 0.193540 17.366884 -0.720190 0.693033 -0.032108 0.675408 -0.156966 -0.117688 0.980567 3.488432 0.000000 0.000000 0.000000 1.000000
40 0.898633 0.436707 0.041778 5.282543 -0.436707 0.899553 -0.009609 0.000000 -0.041778 -0.009609 0.999081 -0.000007 0.000000 0.000000 0.000000 1.000000
41 0.956199 0.291652 -0.024939 2.920525 -0.291458 0.956518 0.011168 -0.000000 0.027112 -0.003410 0.999627 -0.000006 0.000000 0.000000 0.000000 1.000000
43 0.661688 0.724041 0.194765 18.143087 -0.733268 0.679117 -0.033439 -0.000008 -0.156479 -0.120689 0.980280 0.000024 0.000000 0.000000 0.000000 1.000000
44 0.890029 0.453832 0.043416 3.858323 -0.453832 0.891026 -0.010425 0.000041 -0.043417 -0.010425 0.999003 0.000002 0.000000 0.000000 0.000000 1.000000
45 0.965566 0.258976 0.024775 6.062993 -0.258976 0.965878 -0.003264 -0.000000 -0.024775 -0.003264 0.999688 -0.000001 0.000000 0.000000 0.000000 1.000000
47 0.648661 0.735445 0.195856 17.519356 -0.744920 0.666252 -0.034670 0.586063 -0.155987 -0.123408 0.980020 -3.709018 0.000000 0.000000 0.000000 1.000000
48 0.881922 0.469254 0.044891 5.151581 -0.469254 0.882993 -0.011194 -0.000003 -0.044892 -0.011194 0.998929 -0.000004 0.000000 0.000000 0.000000 1.000000
49 0.970873 0.238500 0.022881 5.030291 -0.238500 0.971139 -0.002778 0.000029 -0.022884 -0.002760 0.999734 -0.000018 0.000000 0.000000 0.000000 1.000000
51 0.623369 0.756478 0.197868 17.048977 -0.766427 0.641262 -0.037061 0.463596 -0.154921 -0.128549 0.979528 -7.393195 0.000000 0.000000 0.000000 1.000000
52 0.881922 0.469254 0.044892 3.134252 -0.469254 0.882992 -0.011194 0.000001 -0.044892 -0.011194 0.998929 -0.000001 0.000000 0.000000 0.000000 1.000000
53 0.954490 0.298166 0.006711 3.263257 -0.298186 0.954505 0.002184 -0.000001 -0.005754 -0.004086 0.999975 0.000001 0.000000 0.000000 0.000000 1.000000
55 0.994955 0.028649 0.096143 12.782863 -0.081001 0.794826 0.601406 -8.515770 -0.059188 -0.606160 0.793137 1.402943 0.000000 0.000000 0.000000 1.000000
56 0.992208 0.059594 -0.109412 0.293033 -0.119801 0.697492 -0.706507 -45.696617 0.034210 0.714110 0.699197 1.647037 0.000000 0.000000 0.000000 1.000000
57 0.996012 0.086538 0.021722 -0.279094 -0.088951 0.982079 0.166157 -49.013905 -0.006954 -0.167426 0.985860 -4.511055 0.000000 0.000000 0.000000 1.000000
58 0.999472 0.012017 -0.030200 3.214732 -0.010174 0.998119 0.060454 -9.860830 0.030869 -0.060115 0.997714 10.650737 0.000000 0.000000 0.000000 1.000000
60 0.973688 0.168633 -0.153277 -12.810862 -0.147468 0.979058 0.140353 -8.515768 0.173735 -0.114056 0.978165 1.402943 0.000000 0.000000 0.000000 1.000000
61 0.993651 0.023635 -0.109992 -0.279568 -0.057778 0.946108 -0.318655 -45.696709 0.096533 0.322987 0.941467 1.646893 0.000000 0.000000 0.000000 1.000000
62 0.994494 -0.101991 -0.024062 0.293614 0.104699 0.957478 0.268836 -49.013832 -0.004380 -0.269876 0.962885 -4.510909 0.000000 0.000000 0.000000 1.000000
63 0.999993 0.002803 0.002434 -3.214732 -0.002802 0.999996 -0.000451 -9.860831 -0.002435 0.000444 0.999997 10.650737 0.000000 0.000000 0.000000 1.000000
time 3
0 0.992269 -0.104225 0.067369 2.466600 0.109362 0.990961 -0.077688 110.475525 -0.058663 0.084455 0.994699 -4.798662 0.000000 0.000000 0.000000 1.000000
1 0.998228 0.033525 0.049156 0.030868 -0.029252 0.995933 -0.085220 11.006607 -0.051813 0.083632 0.995149 0.107894 0.000000 0.000000 0.000000 1.000000
2 0.994011 0.077589 0.076950 0.037207 -0.061792 0.979874 -0.189814 11.270997 -0.090129 0.183922 0.978800 0.102284 0.000000 0.000000 0.000000 1.000000
3 0.994368 0.076087 0.073775 0.042523 -0.060752 0.979615 -0.191475 10.833500 -0.086840 0.185915 0.978721 0.116898 0.000000 0.000000 0.000000 1.000000
4 0.977946 -0.190071 0.086578 -8.091547 0.191751 0.981377 -0.011444 25.765633 -0.082790 0.027793 0.996179 -8.554077 0.000000 0.000000 0.000000 1.000000
5 0.849808 -0.527060 -0.005809 -16.797314 0.518293 0.837576 -0.172739 -5.746214 0.095910 0.143784 0.984950 -3.882925 0.000000 0.000000 0.000000 1.000000
6 0.320893 -0.004907 0.947103 -26.183216 -0.002606 0.999978 0.006064 0.226356 -0.947112 -0.004414 0.320874 -1.783792 0.000000 0.000000 0.000000 1.000000
7 0.965587 -0.251346 0.066828 -28.289299 0.208961 0.902737 0.376033 -0.000014 -0.154842 -0.349128 0.924193 -0.000030 0.000000 0.000000 0.000000 1.000000
8 0.991055 -0.083294 0.104266 -6.383195 0.081940 0.996489 0.017212 -2.634343 -0.105334 -0.008515 0.994400 4.036207 0.000000 0.000000 0.000000 1.000000
9 0.943346 0.126459 -0.306768 -3.383298 -0.151873 0.986557 -0.060338 -1.953344 0.295014 0.103510 0.949870 1.953340 0.000000 0.000000 0.000000 1.000000
10 0.977171 0.123817 -0.172645 -2.576306 -0.128308 0.991620 -0.015058 -1.487431 0.169334 0.036866 0.984869 1.487422 0.000000 0.000000 0.000000 1.000000
12 0.763368 -0.618990 -0.184715 -17.366884 0.626161 0.779329 -0.023852 0.675408 0.158718 -0.097453 0.982503 3.488432 0.000000 0.000000 0.000000 1.000000
13 0.912924 -0.406275 -0.038867 -5.282543 0.406275 0.913714 -0.008254 0.000000 0.038866 -0.008255 0.999210 -0.000007 0.000000 0.000000 0.000000 1.000000
14 0.965369 -0.259357 0.028223 -2.920525 0.259137 0.965775 0.011263 -0.000000 -0.030178 -0.003560 0.999538 -0.000006 0.000000 0.000000 0.000000 1.000000
16 0.763368 -0.618990 -0.184715 -18.143087 0.626161 0.779329 -0.023852 -0.000008 0.158718 -0.097453 0.982503 0.000024 0.000000 0.000000 0.000000 1.000000
17 0.912924 -0.406275 -0.038867 -3.858323 0.406275 0.913714 -0.008254 0.000041 0.038866 -0.008255 0.999210 0.000002 0.000000 0.000000 0.000000 1.000000
18 0.977989 -0.207709 -0.019871 -6.062993 0.207709 0.978188 -0.002087 -0.000000 0.019871 -0.002087 0.999800 -0.000001 0.000000 0.000000 0.000000 1.000000
20 0.763368 -0.618991 -0.184716 -17.519356 0.626161 0.779329 -0.023852 0.586063 0.158718 -0.097454 0.982503 -3.709018 0.000000 0.000000 0.000000 1.000000
21 0.912924 -0.406275 -0.038867 -5.151581 0.406275 0.913714 -0.008255 -0.000003 0.038867 -0.008255 0.999210 -0.000004 0.000000 0.000000 0.000000 1.000000
22 0.985333 -0.169859 -0.016316 -5.030291 0.169859 0.985467 -0.001403 0.000029 0.016317 -0.001389 0.999866 -0.000018 0.000000 0.000000 0.000000 1.000000
24 0.763368 -0.618990 -0.184715 -17.048977 0.626161 0.779329 -0.023852 0.463596 0.158718 -0.097453 0.982503 -7.393195 0.000000 0.000000 0.000000 1.000000
25 0.912924 -0.406275 -0.038867 -3.134252 0.406275 0.913714 -0.008254 0.000001 0.038866 -0.008255 0.999210 -0.000001 0.000000 0.000000 0.000000 1.000000
26 0.973060 -0.230552 0.000164 -3.263257 0.230551 0.973057 0.002414 -0.000001 -0.000716 -0.002311 0.999997 0.000001 0.000000 0.000000 0.000000 1.000000
28 0.995070 -0.066318 -0.073741 0.048505 0.066387 0.997793 -0.001521 28.791946 0.073679 -0.003382 0.997276 -0.575704 0.000000 0.000000 0.000000 1.000000
29 0.970924 0.060743 -0.231554 -0.000253 0.030225 0.928425 0.370288 9.309384 0.237473 -0.366521 0.899594 3.460094 0.000000 0.000000 0.000000 1.000000
31 0.977567 0.210614 0.002131 7.842355 -0.210577 0.977511 -0.011418 25.765633 -0.004488 0.010714 0.999933 -8.554077 0.000000 0.000000 0.000000 1.000000
32 0.918765 0.342849 -0.195770 16.797314 -0.357236 0.933046 -0.042511 -5.746214 0.168088 0.108994 0.979728 -3.882925 0.000000 0.000000 0.000000 1.000000
33 0.495321 -0.025780 -0.868327 26.183216 0.004144 0.999618 -0.027313 0.226356 0.868700 0.009930 0.495239 -1.783792 0.000000 0.000000 0.000000 1.000000
34 0.914908 0.262576 -0.306591 28.289299 -0.121920 0.903800 0.410221 -0.000014 0.384811 -0.337935 0.858907 -0.000030 0.000000 0.000000 0.000000 1.000000
35 0.984111 0.100724 -0.146221 6.383195 -0.096233 0.994653 0.037483 -2.634343 0.149214 -0.022816 0.988542 4.036207 0.000000 0.000000 0.000000 1.000000
36 0.923764 -0.077619 0.375014 3.383298 0.125536 0.986512 -0.105045 -1.953344 -0.361802 0.144115 0.921048 1.953340 0.000000 0.000000 0.000000 1.000000
37 0.970681 -0.127596 0.203711 2.576306 0.135362 0.990491 -0.024600 -1.487431 -0.198635 0.051453 0.978722 1.487422 0.000000 0.000000 0.000000 1.000000
39 0.661994 0.723768 0.194739 17.366884 -0.732990 0.679418 -0.033410 0.675408 -0.156490 -0.120625 0.980286 3.488432 0.000000 0.000000 0.000000 1.000000
40 0.890217 0.453466 0.043381 5.282543 -0.453466 0.891213 -0.010407 0.000000 -0.043381 -0.010407 0.999004 -0.000007 0.000000 0.000000 0.000000 1.000000
41 0.950611 0.309524 -0.023109 2.920525 -0.309344 0.950886 0.011069 -0.000000 0.025400 -0.003374 0.999672 -0.000006 0.000000 0.000000 0.000000 1.000000
43 0.639555 0.743182 0.196596 18.143087 -0.752829 0.657256 -0.035530 -0.000008 -0.155620 -0.125280 0.979841 0.000024 0.000000 0.000000 0.000000 1.000000
44 0.876169 0.479813 0.045902 3.858323 -0.479813 0.877292 -0.011739 0.000041 -0.045902 -0.011739 0.998877 0.000002 0.000000 0.000000 0.000000 1.000000
45 0.957457 0.287263 0.027481 6.062993 -0.287263 0.957843 -0.004033 -0.000000 -0.027481 -0.004033 0.999614 -0.000001 0.000000 0.000000 0.000000 1.000000
47 0.618660 0.760240 0.198228 17.519356 -0.770276 0.636607 -0.037506 0.586063 -0.154707 -0.129487 0.979438 -3.709018 0.000000 0.000000 0.000000 1.000000
48 0.862718 0.503388 0.048157 5.151581 -0.503388 0.863963 -0.013014 -0.000003 -0.048157 -0.013014 0.998755 -0.000004 0.000000 0.000000 0.000000 1.000000
49 0.960708 0.276292 0.026496 5.030291 -0.276292 0.961067 -0.003745 0.000029 -0.026499 -0.003723 0.999642 -0.000018 0.000000 0.000000 0.000000 1.000000
51 0.577713 0.791060 0.201176 17.048977 -0.801837 0.596108 -0.041380 0.463596 -0.152657 -0.137405 0.978681 -7.393195 0.000000 0.000000 0.000000 1.000000
52 0.862717 0.503388 0.048157 3.134252 -0.503388 0.863962 -0.013014 0.000001 -0.048157 -0.013014 0.998755 -0.000001 0.000000 0.000000 0.000000 1.000000
53 0.942068 0.335257 0.010533 3.263257 -0.335293 0.942112 0.001847 -0.000001 -0.009304 -0.005271 0.999943 0.000001 0.000000 0.000000 0.000000 1.000000
55 0.996694 0.022615 0.078042 12.782863 -0.067454 0.765781 0.639554 -8.515770 -0.045300 -0.642704 0.764774 1.402943 0.000000 0.000000 0.000000 1.000000
56 0.993827 0.066726 -0.088627 0.293033 -0.107862 0.767991 -0.631313 -45.696617 0.025940 0.636976 0.770447 1.647037 0.000000 0.000000 0.000000 1.000000
57 0.995645 0.091226 0.019209 -0.279094 -0.093137 0.982375 0.162063 -49.013905 -0.004087 -0.163146 0.986593 -4.511055 0.000000 0.000000 0.000000 1.000000
58 0.999017 0.012542 -0.042518 3.214732 -0.008517 0.995577 0.093558 -9.860830 0.043504 -0.093104 0.994705 10.650737 0.000000 0.000000 0.000000 1.000000
60 0.973212 0.162352 -0.162792 -12.810862 -0.149320 0.984739 0.089405 -8.515768 0.174822 -0.062702 0.982601 1.402943 0.000000 0.000000 0.000000 1.000000
61 0.995467 0.023186 -0.092239 -0.279568 -0.050488 0.950722 -0.305907 -45.696709 0.080601 0.309177 0.947583 1.646893 0.000000 0.000000 0.000000 1.000000
62 0.994041 -0.105728 -0.026525 0.293614 0.108773 0.946270 0.304535 -49.013832 -0.007098 -0.305606 0.952132 -4.510909 0.000000 0.000000 0.000000 1.000000
63 0.999998 0.000000 0.002074 -3.214732 -0.000000 1.000000 0.000001 -9.860831 -0.002074 -0.000001 0.999998 10.650737 0.000000 0.000000 0.000000 1.000000
time 4
0 0.994052 -0.099236 0.044869 2.562724 0.102760 0.991104 -0.084575 109.529259 -0.036077 0.088682 0.995406 -5.320012 0.000000 0.000000 0.000000 1.000000
1 0.997750 0.036399 0.056311 0.030868 -0.031573 0.995937 -0.084342 11.006607 -0.059152 0.082374 0.994845 0.107894 0.000000 0.000000 0.000000 1.000000
2 0.993009 0.081620 0.085273 0.037207 -0.064100 0.979480 -0.191076 11.270997 -0.099119 0.184275 0.977864 0.102284 0.000000 0.000000 0.000000 1.000000
3 0.993464 0.079606 0.081801 0.042523 -0.062554 0.979167 -0.193183 10.833500 -0.095476 0.186804 0.977747 0.116898 0.000000 0.000000 0.000000 1.000000
4 0.979160 -0.174781 0.103431 -8.091547 0.176879 0.984167 -0.011399 25.765633 -0.099801 0.029456 0.994571 -8.554077 0.000000 0.000000 0.000000 1.000000
5 0.864828 -0.500970 0.033173 -16.797314 0.499627 0.852237 -0.155127 -5.746214 0.049443 0.150733 0.987337 -3.882925 0.000000 0.000000 0.000000 1.000000
6 0.324669 -0.005256 0.945813 -26.183216 -0.002626 0.999976 0.006459 0.226356 -0.945824 -0.004581 0.324648 -1.783792 0.000000 0.000000 0.000000 1.000000
7 0.968889 -0.236373 0.073360 -28.289299 0.192002 0.904904 0.379847 -0.000014 -0.156169 -0.353945 0.922136 -0.000030 0.000000 0.000000 0.000000 1.000000
8 0.991055 -0.083294 0.104266 -6.383195 0.081940 0.996489 0.017213 -2.634343 -0.105334 -0.008515 0.994400 4.036207 0.000000 0.000000 0.000000 1.000000
9 0.943346 0.126459 -0.306768 -3.383298 -0.151873 0.986557 -0.060338 -1.953344 0.295014 0.103510 0.949870 1.953340 0.000000 0.000000 0.000000 1.000000
10 0.977171 0.123817 -0.172645 -2.576306 -0.128308 0.991620 -0.015058 -1.487431 0.169333 0.036866 0.984869 1.487422 0.000000 0.000000 0.000000 1.000000
12 0.793002 -0.581666 -0.181142 -17.366884 0.588186 0.808451 -0.021065 0.675408 0.158697 -0.089840 0.983231 3.488432 0.000000 0.000000 0.000000 1.000000
13 0.912924 -0.406275 -0.038867 -5.282543 0.406275 0.913714 -0.008255 0.000000 0.038867 -0.008254 0.999210 -0.000007 0.000000 0.000000 0.000000 1.000000
14 0.965369 -0.259357 0.028223 -2.920525 0.259137 0.965775 0.011263 -0.000000 -0.030178 -0.003560 0.999538 -0.000006 0.000000 0.000000 0.000000 1.000000
16 0.793002 -0.581666 -0.181142 -18.143087 0.588186 0.808451 -0.021065 -0.000008 0.158697 -0.089840 0.983231 0.000024 0.000000 0.000000 0.000000 1.000000
17 0.912924 -0.406275 -0.038867 -3.858323 0.406275 0.913714 -0.008255 0.000041 0.038867 -0.008254 0.999210 0.000002 0.000000 0.000000 0.000000 1.000000
18 0.977989 -0.207709 -0.019871 -6.062993 0.207709 0.978188 -0.002087 -0.000000 0.019871 -0.002087 0.999800 -0.000001 0.000000 0.000000 0.000000 1.000000
20 0.793000 -0.581668 -0.181146 -17.519356 0.588189 0.808449 -0.021065 0.586063 0.158700 -0.089843 0.983231 -3.709018 0.000000 0.000000 0.000000 1.000000
21 0.912924 -0.406275 -0.038867 -5.151581 0.406275 0.913714 -0.008255 -0.000003 0.038867 -0.008254 0.999210 -0.000004 0.000000 0.000000 0.000000 1.000000
22 0.985333 -0.169859 -0.016316 -5.030291 0.169859 0.985467 -0.001403 0.000029 0.016317 -0.001389 0.999866 -0.000018 0.000000 0.000000 0.000000 1.000000
24 0.793002 -0.581666 -0.181142 -17.048977 0.588186 0.808451 -0.021065 0.463596 0.158697 -0.089840 0.983231 -7.393195 0.000000 0.000000 0.000000 1.000000
25 0.912924 -0.406275 -0.038867 -3.134252 0.406275 0.913714 -0.008255 0.000001 0.038867 -0.008254 0.999210 -0.000001 0.000000 0.000000 0.000000 1.000000
26 0.973060 -0.230552 0.000164 -3.263257 0.230551 0.973057 0.002414 -0.000001 -0.000716 -0.002311 0.999997 0.000001 0.000000 0.000000 0.000000 1.000000
28 0.994781 -0.064494 -0.079069 0.048505 0.064569 0.997912 -0.001615 28.791946 0.079008 -0.003499 0.996868 -0.575704 0.000000 0.000000 0.000000 1.000000
29 0.971203 0.069414 -0.227918 -0.000253 0.025233 0.921271 0.388102 9.309384 0.236913 -0.382677 0.892990 3.460094 0.000000 0.000000 0.000000 1.000000
31 0.972016 0.234697 0.010092 7.842355 -0.234570 0.972021 -0.012328 25.765633 -0.012703 0.009616 0.999873 -8.554077 0.000000 0.000000 0.000000 1.000000
32 0.942738 0.313397 -0.114134 16.797314 -0.321519 0.944932 -0.061065 -5.746214 0.088711 0.094265 0.991587 -3.882925 0.000000 0.000000 0.000000 1.000000
33 0.518946 -0.026947 -0.854382 26.183216 0.004425 0.999574 -0.028838 0.226356 0.854795 0.011185 0.518845 -1.783792 0.000000 0.000000 0.000000 1.000000
34 0.882628 0.283653 -0.374844 28.289299 -0.102607 0.894447 0.435243 -0.000014 0.458736 -0.345696 0.818569 -0.000030 0.000000 0.000000 0.000000 1.000000
35 0.981231 0.106857 -0.160523 6.383195 -0.100940 0.993892 0.044598 -2.634343 0.164308 -0.027558 0.986024 4.036207 0.000000 0.000000 0.000000 1.000000
36 0.915488 -0.059990 0.397848 3.383298 0.116769 0.985878 -0.120040 -1.953344 -0.385029 0.156352 0.909564 1.953340 0.000000 0.000000 0.000000 1.000000
37 0.968224 -0.128789 0.214372 2.576306 0.137856 0.990061 -0.027832 -1.487431 -0.208657 0.056500 0.976356 1.487422 0.000000 0.000000 0.000000 1.000000
39 0.648509 0.735576 0.195868 17.366884 -0.745054 0.666101 -0.034684 0.675408 -0.155981 -0.123439 0.980017 3.488432 0.000000 0.000000 0.000000 1.000000
40 0.881826 0.469432 0.044909 5.282543 -0.469432 0.882898 -0.011203 0.000000 -0.044909 -0.011203 0.998928 -0.000007 0.000000 0.000000 0.000000 1.000000
41 0.944919 0.326609 -0.021350 2.920525 -0.326443 0.945154 0.010945 -0.000000 0.023754 -0.003372 0.999712 -0.000006 0.000000 0.000000 0.000000 1.000000
43 0.617743 0.760968 0.198298 18.143087 -0.771020 0.635700 -0.037593 -0.000008 -0.154665 -0.129669 0.979421 0.000024 0.000000 0.000000 0.000000 1.000000
44 0.862119 0.504403 0.048254 3.858323 -0.504403 0.863369 -0.013071 0.000041 -0.048254 -0.013071 0.998750 0.000002 0.000000 0.000000 0.000000 1.000000
45 0.948871 0.314230 0.030061 6.062993 -0.314230 0.949334 -0.004847 -0.000000 -0.030061 -0.004847 0.999536 -0.000001 0.000000 0.000000 0.000000 1.000000
47 0.588907 0.782961 0.200402 17.519356 -0.793538 0.607183 -0.040321 0.586063 -0.153250 -0.135281 0.978884 -3.709018 0.000000 0.000000 0.000000 1.000000
48 0.842992 0.535482 0.051227 5.151581 -0.535482 0.844416 -0.014884 -0.000003 -0.051227 -0.014884 0.998576 -0.000004 0.000000 0.000000 0.000000 1.000000
49 0.949534 0.312234 0.029934 5.030291 -0.312233 0.949993 -0.004806 0.000029 -0.029937 -0.004783 0.999540 -0.000018 0.000000 0.000000 0.000000 1.000000
51 0.531982 0.821786 0.204116 17.048977 -0.833364 0.550831 -0.045712 0.463596 -0.149999 -0.145785 0.977879 -7.393195 0.000000 0.000000 0.000000 1.000000
52 0.842992 0.535481 0.051227 3.134252 -0.535481 0.844416 -0.014884 0.000001 -0.051227 -0.014884 0.998576 -0.000001 0.000000 0.000000 0.000000 1.000000
53 0.928749 0.370438 0.014193 3.263257 -0.370493 0.928834 0.001381 -0.000001 -0.012672 -0.006542 0.999898 0.000001 0.000000 0.000000 0.000000 1.000000
55 0.998178 0.007492 0.059864 12.782863 -0.045671 0.742183 0.668639 -8.515770 -0.039420 -0.670155 0.741174 1.402943 0.000000 0.000000 0.000000 1.000000
56 0.995975 0.069408 -0.056721 0.293033 -0.089039 0.839021 -0.536764 -45.696617 0.010334 0.539654 0.841824 1.647037 0.000000 0.000000 0.000000 1.000000
57 0.994049 0.107345 0.018536 -0.279094 -0.108913 0.982709 0.149734 -49.013905 -0.002142 -0.150861 0.988553 -4.511055 0.000000 0.000000 0.000000 1.000000
58 0.998260 0.011138 -0.057901 3.214732 -0.003349 0.991123 0.132908 -9.860830 0.058868 -0.132483 0.989436 10.650737 0.000000 0.000000 0.000000 1.000000
60 0.973130 0.156986 -0.168446 -12.810862 -0.150790 0.987348 0.049050 -8.515768 0.174015 -0.022332 0.984490 1.402943 0.000000 0.000000 0.000000 1.000000
61 0.997230 0.023452 -0.070586 -0.279568 -0.043683 0.952751 -0.300594 -45.696709 0.060201 0.302845 0.951136 1.646893 0.000000 0.000000 0.000000 1.000000
62 0.993421 -0.110651 -0.029517 0.293614 0.114040 0.932258 0.343352 -49.013832 -0.010474 -0.344459 0.938743 -4.510909 0.000000 0.000000 0.000000 1.000000
